0.0 0.04037109815699175
0.01 0.038828882892440394
0.02 0.03763969238387504
0.03 0.036388394396040795
0.04 0.03508522303239132
0.05 0.03374106330474913
0.06 0.03236716447867289
0.07 0.030974839714820023
0.08 0.029750755678424716
0.09 0.02858152237338715
0.1 0.027406231291079313
0.11 0.02623293186878342
0.12 0.025144200221628613
0.13 0.02412198476575399
0.14 0.023133246649715482
0.15 0.0221942650658113
0.16 0.021385402091813444
0.17 0.020593008693828574
0.18 0.019817489427228416
0.19 0.01905886282962924
0.2 0.0183168580615182
0.21 0.017591002526607724
0.22 0.016880698948331507
0.23 0.016185291457967564
0.24 0.015504121012960096
0.25 0.014836570919482329
0.26 0.014182103420904322
0.27 0.013540288291680348
0.28 0.01291658124873748
0.29 0.012439868613918536
0.3 0.011969707260559978
0.31 0.011505391009606104
0.32 0.011046392000401358
0.33 0.01059238483681956
0.34 0.010143259433614864
0.35000000000000003 0.009699122674546111
0.36 0.009260289387904241
0.37 0.008827263582329863
0.38 0.008417423515115034
0.39 0.008013257077145808
0.4 0.007615461237413332
0.41000000000000003 0.0072251178710319814
0.42 0.006843308824127171
0.43 0.006471078969899612
0.44 0.006109402884784152
0.45 0.005759156604514741
0.46 0.005421095445735987
0.47000000000000003 0.0050958383869692874
0.48 0.0047838590407148695
0.49 0.004485482853528539
0.5 0.0042075024384365806
0.51 0.003944430567631479
0.52 0.0036942665601626813
0.53 0.003456893637820906
0.54 0.0032320896121546057
0.55 0.003019543410174451
0.56 0.0028188718113066292
0.5700000000000001 0.0026296358017030346
0.58 0.0024513560848030288
0.59 0.0022835274075193165
0.6 0.002125631463708693
0.61 0.0019810600793992903
0.62 0.0018465622233331713
0.63 0.0017220969038873018
0.64 0.0016102626768039684
0.65 0.001514196605766647
0.66 0.0014248476201386216
0.67 0.0013417119740701325
0.68 0.0012621505904307371
0.6900000000000001 0.0011861224848088991
0.7000000000000001 0.0011135762782936605
0.71 0.0010444523589048008
0.72 0.000978684629973391
0.73 0.0009162018494546938
0.74 0.0008571113338296239
0.75 0.0008026382058732652
0.76 0.0007509377105746558
0.77 0.000701946220061648
0.78 0.0006555968683271565
0.79 0.0006118192033154599
0.8 0.0005705387973336538
0.81 0.0005316769015715864
0.8200000000000001 0.0004958243441593242
0.8300000000000001 0.0004622805562285194
0.84 0.0004307331544561598
0.85 0.00040110661059276583
0.86 0.0003733208414202592
0.87 0.0003472918710011613
0.88 0.00032293269135825196
0.89 0.00030015426892441086
0.9 0.00027908414230388127
0.91 0.0002594954043623985
0.92 0.00024115226202925616
0.93 0.00022397974255181988
0.9400000000000001 0.0002079044633522033
0.9500000000000001 0.00019285546406106285
0.96 0.00017876490130028634
0.97 0.00016556859830795472
0.98 0.00015320644979730614
0.99 0.000141705564092225
