0.0 0.0
0.01 -1.3518368140812081e-08
0.02 -6.263208287087185e-08
0.03 -1.5714372453885287e-07
0.04 -3.0089292339827214e-07
0.05 -5.152837820425866e-07
0.06 -8.328347171126081e-07
0.07 -1.2209212833482244e-06
0.08 -1.5187386650312578e-06
0.09 -1.5097639734652733e-06
0.1 -1.0788612398201679e-06
0.11 -2.67330085080249e-07
0.12 8.189532038878027e-07
0.13 2.100236179301614e-06
0.14 3.5247321049727025e-06
0.15 5.066946329969482e-06
0.16 6.775953814982454e-06
0.17 8.770705420917493e-06
0.18 1.1128298613303539e-05
0.19 1.381157941918078e-05
0.2 1.6759137710494358e-05
0.21 2.000954994681625e-05
0.22 2.366592417014916e-05
0.23 2.773858924598167e-05
0.24 3.205728796939858e-05
0.25 3.6317188859297916e-05
0.26 4.018116221519087e-05
0.27 4.3399286589290625e-05
0.28 4.594689414500714e-05
0.29 4.809001280884282e-05
0.3 5.0241643296794925e-05
0.31 5.2638364697647786e-05
0.32 5.5082178593826386e-05
0.33 5.6991815699923626e-05
0.34 5.777323805717954e-05
0.35000000000000003 5.724446497878919e-05
0.36 5.5772099792186234e-05
0.37 5.4038432963045895e-05
0.38 5.2718023105974456e-05
0.39 5.2322937234019274e-05
0.4 5.314920658525141e-05
0.41000000000000003 5.5200841341938894e-05
0.42 5.8200776260070056e-05
0.43 6.176548947336447e-05
0.44 6.55564200869617e-05
0.45 6.93035574386535e-05
0.46 7.287826077229074e-05
0.47000000000000003 7.642445017612531e-05
0.48 8.022788320336445e-05
0.49 8.432880942472397e-05
0.5 8.843647146026652e-05
0.51 9.235261648712654e-05
0.52 9.626922062741129e-05
0.53 0.0001004413719974044
0.54 0.00010469695510586731
0.55 0.00010845488022105158
0.56 0.00011114949093336003
0.5700000000000001 0.00011251737784138819
0.58 0.00011258659976061945
0.59 0.00011158304691926722
0.6 0.00010985163602280276
0.61 0.00010771630847322585
0.62 0.00010530057740753021
0.63 0.000102463916733111
0.64 9.894843575414509e-05
0.65 9.463401915351692e-05
0.66 8.965405149456834e-05
0.67 8.424065390841536e-05
0.68 7.84938128911302e-05
0.6900000000000001 7.236654931678457e-05
0.7000000000000001 6.586276395208703e-05
0.71 5.920839609325932e-05
0.72 5.288251004680695e-05
0.73 4.754789169018445e-05
0.74 4.386034177159266e-05
0.75 4.2167085796371375e-05
0.76 4.233097309574639e-05
0.77 4.388669063806779e-05
0.78 4.636046444673971e-05
0.79 4.944280339590064e-05
0.8 5.29708566993021e-05
0.81 5.685678800847946e-05
0.8200000000000001 6.1006418498175925e-05
0.8300000000000001 6.524829236698968e-05
0.84 6.938117089332932e-05
0.85 7.33309548666652e-05
0.86 7.719050185790652e-05
0.87 8.103705711975626e-05
0.88 8.4756131890902e-05
0.89 8.808001908412424e-05
0.9 9.071621643380904e-05
0.91 9.238203644632954e-05
0.92 9.281861666830852e-05
0.93 9.190485372044727e-05
0.9400000000000001 8.975223814790658e-05
0.9500000000000001 8.6622782369911e-05
0.96 8.277637305763816e-05
0.97 7.844168669790708e-05
0.98 7.387107724390539e-05
0.99 6.933003795823993e-05
1.0 6.505609106725523e-05
1.01 6.128956236277099e-05
1.02 5.828984692069953e-05
1.03 5.622180635376772e-05
1.04 5.5026866294739494e-05
1.05 5.443237697056937e-05
1.06 5.4027687164548966e-05
1.07 5.332463160020315e-05
1.08 5.1918826161060977e-05
1.09 4.9751556572448684e-05
1.1 4.717527950482804e-05
1.11 4.4720427634979306e-05
1.12 4.2917581960027195e-05
1.1300000000000001 4.2352363291939185e-05
1.1400000000000001 4.3585747010018584e-05
1.1500000000000001 4.675876411959817e-05
1.16 5.1364292305795106e-05
1.17 5.6522131576494605e-05
1.18 6.132112950936145e-05
1.19 6.482922238051117e-05
1.2 6.612729068205845e-05
1.21 6.470322446400849e-05
1.22 6.07544321267229e-05
1.23 5.492846632881561e-05
1.24 4.787913489822164e-05
1.25 4.018788233697792e-05
1.26 3.247446223375839e-05
1.27 2.527998614780541e-05
1.28 1.8845760441084193e-05
1.29 1.3098651605389003e-05
1.3 7.75329592935784e-06
1.31 2.3615495415619168e-06
1.32 -3.5490341302421178e-06
1.33 -1.0181583873660374e-05
1.34 -1.7321815879661224e-05
1.35 -2.4508664444176325e-05
1.36 -3.124854859507297e-05
1.37 -3.704942134788604e-05
1.3800000000000001 -4.14537113246466e-05
1.3900000000000001 -4.422601966396854e-05
1.4000000000000001 -4.548804101686758e-05
1.41 -4.559754233445436e-05
1.42 -4.4928223902041155e-05
1.43 -4.3800877469627944e-05
1.44 -4.2552366037214734e-05
1.45 -4.156347935480153e-05
1.46 -4.117471317238832e-05
1.47 -4.156570573997511e-05
1.48 -4.270124130756191e-05
1.49 -4.43887108751487e-05
1.5 -4.6400801942735494e-05
1.51 -4.855835271032229e-05
1.52 -5.071336137790909e-05
1.53 -5.269232399549589e-05
1.54 -5.4305326863082684e-05
1.55 -5.543079198066948e-05
1.56 -5.609035009825627e-05
1.57 -5.645597664084307e-05
1.58 -5.679885528342986e-05
1.59 -5.738637585101665e-05
1.6 -5.832883091860345e-05
1.61 -5.9457608486190244e-05
1.62 -6.036845280377704e-05
1.6300000000000001 -6.063620112136383e-05
1.6400000000000001 -6.0027667688950623e-05
1.6500000000000001 -5.856677550653741e-05
1.6600000000000001 -5.64834070741242e-05
1.67 -5.412234051671104e-05
1.68 -5.180414095929783e-05
1.69 -4.965620587688462e-05
1.7 -4.754501549447141e-05
1.71 -4.51777842120582e-05
1.72 -4.2237347679644985e-05
1.73 -3.840880014723177e-05
1.74 -3.3374616614818554e-05
1.75 -2.6925145582405337e-05
1.76 -1.9135294549992116e-05
1.77 -1.0430990767578897e-05
1.78 -1.5044414851656754e-06
1.79 6.820795547247544e-06
1.8 1.3732822579660762e-05
1.81 1.8621894612073976e-05
1.82 2.1276404144487184e-05
1.83 2.194677617690039e-05
1.84 2.1203412209313595e-05
1.85 1.9653360741726797e-05
1.86 1.767286127414e-05
1.87 1.53341420565532e-05
1.8800000000000001 1.25964030889664e-05
1.8900000000000001 9.5830779963796e-06
1.9000000000000001 6.658855403792798e-06
1.9100000000000001 4.284446436205998e-06
1.92 2.9145204686192166e-06
1.93 3.0326410010323935e-06
1.94 5.085286533445574e-06
1.95 9.221547065858758e-06
1.96 1.5137402598271945e-05
1.97 2.2233422130685135e-05
1.98 2.9850996413098326e-05
1.99 3.733410694551152e-05
2.0 4.405464172792471e-05
2.0100000000000002 4.9591095260338e-05
2.02 5.389355204275108e-05
2.0300000000000002 5.719251707516432e-05
2.04 5.975375060757743e-05
2.05 6.173954188999056e-05
2.06 6.320774067240377e-05
2.07 6.411139770481692e-05
2.08 6.42717514872301e-05
2.09 6.34064570196433e-05
2.1 6.122735505205643e-05
2.11 5.753907808446968e-05
2.12 5.229824361688273e-05
2.13 4.5648176649296035e-05
2.14 3.792918593170903e-05
2.15 2.9617106589122373e-05
2.16 2.1162231246535346e-05
2.17 1.2808914278948692e-05
2.18 4.553508636361667e-06
2.19 -3.69540430622499e-06
2.2 -1.188217407381201e-05
2.21 -1.968197979139868e-05
2.22 -2.6545998258985664e-05
2.23 -3.1825613726572385e-05
2.24 -3.489200919415928e-05
2.25 -3.5266677161746094e-05
2.2600000000000002 -3.278926012933286e-05
2.27 -2.7728395596919788e-05
2.2800000000000002 -2.070506106450645e-05
2.29 -1.2486343032093438e-05
2.3000000000000003 -3.864920249680062e-06
2.31 4.3389640327329514e-06
2.32 1.1373258565146014e-05
2.33 1.682149059755935e-05
2.34 2.075502012997247e-05
2.35 2.3552859412385743e-05
2.36 2.5617120194798903e-05
2.37 2.729791922721215e-05
2.38 2.8957028009625317e-05
2.39 3.092143554203857e-05
2.4 3.334578357445172e-05
2.41 3.617864560686499e-05
2.42 3.924486926427813e-05
2.43 4.231224417169141e-05
2.44 4.5125458204104554e-05
2.45 4.7473671486517815e-05
2.46 4.926081451893098e-05
2.47 5.0511944551344215e-05
2.48 5.13517933337574e-05
2.49 5.1996965141170626e-05
2.5 5.268953924858381e-05
2.5100000000000002 5.353437093099704e-05
2.52 5.4386525963410226e-05
2.5300000000000002 5.493709829582344e-05
2.54 5.491823562823664e-05
2.5500000000000003 5.4239601460649826e-05
2.56 5.299801529306306e-05
2.57 5.14140112254763e-05
2.58 4.973812860788947e-05
2.59 4.8188005590302716e-05
2.6 4.6999145572715905e-05
2.61 4.651445780512912e-05
2.62 4.708901453754235e-05
2.63 4.8810716519955526e-05
2.64 5.1368163752368795e-05
2.65 5.422801398478195e-05
2.66 5.683688746719522e-05
2.67 5.86278431996084e-05
2.68 5.905645593202162e-05
2.69 5.7849391164434856e-05
2.7 5.5178672146848006e-05
2.71 5.149411212926129e-05
2.72 4.72627911116744e-05
2.73 4.29276760940877e-05
2.74 3.893128782650082e-05
2.75 3.55693820589141e-05
2.7600000000000002 3.285517679132725e-05
2.77 3.06278472737405e-05
2.7800000000000002 2.873056850615367e-05
2.79 2.7022932463566918e-05
2.8000000000000003 2.535233042098009e-05
2.81 2.3659379653393336e-05
2.82 2.2095864835806577e-05
2.83 2.1017525968219765e-05
2.84 2.0949394350632975e-05
2.85 2.2566484483046228e-05
2.86 2.6521532115459357e-05
2.87 3.3109902247872725e-05
2.88 4.208816738028576e-05
2.89 5.284661751269922e-05
2.9 6.47083128951122e-05
2.91 7.70537070275257e-05
2.92 8.930112565993866e-05
2.93 0.00010096314929235215
2.94 0.00011182422492476514
2.95 0.0001220470858071786
2.96 0.0001320200491895916
2.97 0.00014201442139700506
2.98 0.00015196204025441808
2.99 0.00016156244193683153
3.0 0.00017056800161924454
3.0100000000000002 0.00017893471780165796
3.02 0.00018674486573407102
3.0300000000000002 0.0001940553094164844
3.04 0.00020080275434889748
3.0500000000000003 0.00020677147553131082
3.06 0.00021162961896372393
3.0700000000000003 0.00021505954489613722
3.08 0.0002169104683285504
3.09 0.00021725277926096365
3.1 0.00021632755444337686
3.11 0.00021447109862579014
3.12 0.00021204668130820332
3.13 0.00020938701274061662
3.14 0.0002067913311730298
3.15 0.00020457669785544307
3.16 0.00020307885678785628
3.17 0.00020254662172026954
3.18 0.0002030318271526828
3.19 0.00020437486733509603
3.2 0.00020624241086750932
3.21 0.00020817387809992253
3.22 0.0002097083264323358
3.23 0.000210593768514749
3.24 0.00021088880634716225
3.25 0.0002108340756045755
3.2600000000000002 0.00021065234308698873
3.27 0.00021046846719440196
3.2800000000000002 0.0002103046546768152
3.29 0.00021004817680922845
3.3000000000000003 0.00020945263404164167
3.31 0.00020822550527405494
3.3200000000000003 0.00020607679550646812
3.33 0.00020267148073888143
3.34 0.0001976777559712948
3.35 0.00019101557870370792
3.36 0.00018304711068612136
3.37 0.00017445167166853443
3.38 0.0001659294429009479
3.39 0.000158014723633361
3.4 0.00015100946486577442
3.41 0.00014492549809818755
3.42 0.00013949470858060092
3.43 0.00013432230231301406
3.44 0.00012905151504542746
3.45 0.0001234156822778406
3.46 0.000117270008260254
3.47 0.00011067275049266713
3.48 0.00010388371822508055
3.49 9.722746245749367e-05
3.5 9.100611343990707e-05
3.5100000000000002 8.553854742232022e-05
3.52 8.11249806547336e-05
3.5300000000000002 7.785131113714679e-05
3.54 7.547546361956012e-05
3.5500000000000003 7.355699622947334e-05
3.56 7.163061484438667e-05
3.5700000000000003 6.923566958679989e-05
3.58 6.594115257921323e-05
3.59 6.152175082162663e-05
3.6 5.612200506403981e-05
3.61 5.016941455645323e-05
3.62 4.4087808798866395e-05
3.63 3.8059831226279826e-05
3.64 3.197680752369299e-05
3.65 2.5534627256106427e-05
3.66 1.838393573851956e-05
3.67 1.0273198220933033e-05
3.68 1.1436179533461194e-06
3.69 -8.852433814240374e-06
3.7 -1.940627308182732e-05
3.71 -3.01361530994138e-05
3.72 -4.063810236700075e-05
3.73 -5.050288938458724e-05
3.74 -5.9387884402174154e-05
3.75 -6.719044716976069e-05
3.7600000000000002 -7.418677418734756e-05
3.77 -8.094121745493411e-05
3.7800000000000002 -8.799681347252098e-05
3.79 -9.558255949010752e-05
3.8000000000000003 -0.00010354374733269441
3.81 -0.00011148104407528094
3.8200000000000003 -0.00011894105964286782
3.83 -0.00012555003296045437
3.84 -0.00013108462927804098
3.85 -0.0001354974355956278
3.86 -0.00013889176691321448
3.87 -0.00014144884798080126
3.88 -0.00014334828154838794
3.89 -0.0001447355601159747
3.9 -0.0001457490026835614
3.91 -0.00014655731890864815
3.92 -0.00014735360219873486
3.93 -0.0001483173878963216
3.94 -0.0001496061830939083
3.95 -0.00015138267804149506
3.96 -0.00015379598548908172
3.97 -0.00015688451043666853
3.98 -0.0001605132933842552
3.99 -0.000164446024981842
4.0 -0.00016845994512942864
4.01 -0.00017235713917701528
4.0200000000000005 -0.00017590582322460225
4.03 -0.0001788417712721889
4.04 -0.00018092743281977557
4.05 -0.0001819879778673623
4.0600000000000005 -0.000181942380414949
4.07 -0.00018086409546253573
4.08 -0.00017899576576012248
4.09 -0.00017668465125770925
4.1 -0.00017435268390529602
4.11 -0.00017251316125288264
4.12 -0.00017164498360046942
4.13 -0.00017190973094805616
4.14 -0.00017302685404564286
4.15 -0.00017446514664322965
4.16 -0.00017566393049081634
4.17 -0.00017605636883840308
4.18 -0.00017510935918598985
4.19 -0.0001725729020335764
4.2 -0.00016867946238116317
4.21 -0.00016399927872874997
4.22 -0.00015910759057633677
4.23 -0.00015438295717392316
4.24 -0.00014997909052150997
4.25 -0.00014586700011909678
4.26 -0.00014195916146668357
4.2700000000000005 -0.00013829515256427003
4.28 -0.0001350894911618568
4.29 -0.00013253614800944356
4.3 -0.0001305806883570303
4.3100000000000005 -0.00012892663202961687
4.32 -0.0001272682731022036
4.33 -0.00012552066077479033
4.34 -0.00012384574549737708
4.3500000000000005 -0.0001224572687449637
4.36 -0.00012136915521755044
4.37 -0.00012028430239013718
4.38 -0.00011868545653772395
4.39 -0.00011604529868531076
4.4 -0.0001120285358328972
4.41 -0.00010658397548048399
4.42 -9.989053812807084e-05
4.43 -9.222880427565774e-05
4.44 -8.390624042324389e-05
4.45 -7.525771107083079e-05
4.46 -6.660559671841767e-05
4.47 -5.812803486600456e-05
4.48 -4.976157701359069e-05
4.49 -4.1266156911177574e-05
4.5 -3.2400128058764474e-05
4.51 -2.3051995456351396e-05
4.5200000000000005 -1.326374135393745e-05
4.53 -3.2153519765243685e-06
4.54 6.7576492008887155e-06
4.55 1.618172815330182e-05
4.5600000000000005 2.463016560571567e-05
4.57 3.2012663308128765e-05
4.58 3.868407723554189e-05
4.59 4.5234013862955015e-05
4.6000000000000005 5.218612596536877e-05
4.61 5.986490281778191e-05
4.62 6.8384758670195e-05
4.63 7.762569027260806e-05
4.64 8.724870802502111e-05
4.65 9.681411782743501e-05
4.66 0.00010587191277984806
4.67 0.00011394215498226116
4.68 0.00012054759543467431
4.69 0.0001253991958870879
4.7 0.00012852698883950104
4.71 0.00013016775429191424
4.72 0.0001305633697443275
4.73 0.00012990817469674072
4.74 0.00012841956614915398
4.75 0.00012636180885156726
4.76 0.00012399184082898055
4.7700000000000005 0.00012152363970639363
4.78 0.00011916181705880693
4.79 0.00011714595301122021
4.8 0.00011570135046363346
4.8100000000000005 0.00011488049591604664
4.82 0.0001144411272684599
4.83 0.00011392407867087316
4.84 0.00011290378847328644
4.8500000000000005 0.00011122153927569959
4.86 0.00010903604632811287
4.87 0.00010665038868052616
4.88 0.00010421796638293945
4.89 0.00010157373738535274
4.9 9.841196938776575e-05
4.91 9.468820939017904e-05
4.92 9.080368914259233e-05
4.93 8.73446806450056e-05
4.94 8.467131589741865e-05
4.95 8.275335939983193e-05
4.96 8.12742382172452e-05
4.97 7.978303666465847e-05
4.98 7.780219642707155e-05
4.99 7.49504564394848e-05
5.0 7.107857295189811e-05
5.01 6.631275746431146e-05
5.0200000000000005 6.096090422672433e-05
5.03 5.5380478739137676e-05
5.04 4.993273200155101e-05
5.05 4.5006908763964324e-05
5.0600000000000005 4.097573902637729e-05
5.07 3.803712453879062e-05
5.08 3.60959528012039e-05
5.09 3.483301156361715e-05
5.1000000000000005 3.3893410701030316e-05
5.11 3.303609211344356e-05
5.12 3.2204810950856806e-05
5.13 3.1550877813270045e-05
5.14 3.1374525175683264e-05
5.15 3.1958638788096544e-05
5.16 3.338756065050977e-05
5.17 3.547061026292297e-05
5.18 3.7783931125336164e-05
5.19 3.9776329737749515e-05
5.2 4.09010801001627e-05
5.21 4.075129271257594e-05
5.22 3.917138282498925e-05
5.23 3.63105249374023e-05
5.24 3.2582160799815595e-05
5.25 2.8535005662228902e-05
5.26 2.47089112746422e-05
5.2700000000000005 2.1524871137055225e-05
5.28 1.917997199946853e-05
5.29 1.7563772111881807e-05
5.3 1.6304285224295068e-05
5.3100000000000005 1.4936695086708196e-05
5.32 1.3003032449121456e-05
5.33 1.002379206153476e-05
5.34 5.5565466739481275e-06
5.3500000000000005 -5.637187136390497e-07
5.36 -8.073038101225698e-06
5.37 -1.642898698881231e-05
5.38 -2.505522512639891e-05
5.39 -3.341091976398552e-05
5.4 -4.0967712651572794e-05
5.41 -4.7294503539159396e-05
5.42 -5.220231192674606e-05
5.43 -5.5787957814332784e-05
5.44 -5.837205345191974e-05
5.45 -6.040478871450646e-05
5.46 -6.233820997709318e-05
5.47 -6.44709436146799e-05
5.48 -6.686207950226681e-05
5.49 -6.938774571485353e-05
5.5 -7.189315232744025e-05
5.51 -7.433256271502697e-05
5.5200000000000005 -7.68197520026139e-05
5.53 -7.959662099020062e-05
5.54 -8.300294847778731e-05
5.55 -8.747057096537395e-05
5.5600000000000005 -9.343780095296113e-05
5.57 -0.0001011483984405478
5.58 -0.00011050436842813438
5.59 -0.00012110465591572092
5.6000000000000005 -0.00013235858192830845
5.61 -0.00014356432499089498
5.62 -0.00015405609657848156
5.63 -0.00016345935566606818
5.64 -0.00017181205450365485
5.65 -0.00017939258409124218
5.66 -0.00018649070467882884
5.67 -0.0001933737823414155
5.68 -0.00020030581840400216
5.69 -0.00020739577834158945
5.7 -0.00021442179087917613
5.71 -0.00022091301146676283
5.72 -0.00022643723505434956
5.73 -0.00023080818614193668
5.74 -0.00023409321322952342
5.75 -0.00023651067181711019
5.76 -0.00023829964040469697
5.7700000000000005 -0.00023960142274228387
5.78 -0.00024041548257987066
5.79 -0.0002406374234174575
5.8 -0.00024008562825504433
5.8100000000000005 -0.00023848963684263102
5.82 -0.00023555391293021789
5.83 -0.0002311349065178048
5.84 -0.00022538002585539176
5.8500000000000005 -0.00021872151694297815
5.86 -0.0002118138280305651
5.87 -0.00020547901186815205
5.88 -0.00020056245695573892
5.89 -0.0001976732645433257
5.9 -0.00019699067463091244
5.91 -0.00019825585721849925
5.92 -0.000200844316306086
5.93 -0.00020386528189367273
5.94 -0.00020642178348125967
5.95 -0.00020800714456884639
5.96 -0.00020869424590643315
5.97 -0.00020891858639401992
5.98 -0.00020912921493160673
5.99 -0.00020964298286919351
6.0 -0.00021066552380678028
6.01 -0.000212290266494367
6.0200000000000005 -0.00021448121443195395
6.03 -0.0002171208293695407
6.04 -0.0002200705825571274
6.05 -0.0002231798742347141
6.0600000000000005 -0.0002263022490923011
6.07 -0.0002293672839898878
6.08 -0.0002324379918874745
6.09 -0.0002356909911850612
6.1000000000000005 -0.00023935975123264824
6.11 -0.00024369463728023493
6.12 -0.0002489299305778216
6.13 -0.00025521882612540824
6.140000000000001 -0.0002625342831729955
6.15 -0.00027060599422058215
6.16 -0.00027897423601816874
6.17 -0.00028711526681575537
6.18 -0.000294489054363342
6.19 -0.0003005091054109292
6.2 -0.00030463697395851584
6.21 -0.00030665349750610255
6.22 -0.00030682714105368937
6.23 -0.0003057643826012761
6.24 -0.0003041362482488629
6.25 -0.00030256688234644975
6.26 -0.00030164275304403655
6.2700000000000005 -0.0003018371829916234
6.28 -0.0003033550279392102
6.29 -0.0003060644753867969
6.3 -0.00030956987258438365
6.3100000000000005 -0.0003133406220319707
6.32 -0.0003168150894795574
6.33 -0.0003194486076771442
6.34 -0.000320701646124731
6.3500000000000005 -0.0003200145220723177
6.36 -0.0003168520905199045
6.37 -0.00031084416896749143
6.38 -0.0003019407399150785
6.390000000000001 -0.0002904641883626645
6.4 -0.00027701859431025153
6.41 -0.00026233937450783864
6.42 -0.0002472108577054257
6.43 -0.0002324496741530128
6.44 -0.00021879648010059868
6.45 -0.00020666082854818577
6.46 -0.00019594479274577281
6.47 -0.00018617616994335981
6.48 -0.00017682019259094596
6.49 -0.00016743353888853295
6.5 -0.00015757631638611998
6.51 -0.00014672732663370704
6.5200000000000005 -0.000134417778881293
6.53 -0.00012050546612888004
6.54 -0.00010532716812646714
6.55 -8.957155637405426e-05
6.5600000000000005 -7.399790212164002e-05
6.57 -5.928571311922715e-05
6.58 -4.6120940866814206e-05
6.59 -3.5274056114401166e-05
6.6000000000000005 -2.739010636198744e-05
6.61 -2.2616059109574428e-05
6.62 -2.0471091857161303e-05
6.63 -2.0085369104748103e-05
6.640000000000001 -2.0514607902334923e-05
6.65 -2.0866155049921724e-05
6.66 -2.0270854747508565e-05
6.67 -1.7842408195095485e-05
6.68 -1.2669194142682521e-05
6.69 -3.831147590268745e-06
6.7 9.519168962144238e-06
6.71 2.7942623014557002e-05
6.72 5.139702206696955e-05
6.73 7.904176361938454e-05
6.74 0.00010939439192179712
6.75 0.00014072073497420963
6.76 0.0001712410247766222
6.7700000000000005 0.00019908175582903718
6.78 0.0002224852943814497
6.79 0.0002405087854338625
6.8 0.00025352521648627546
6.8100000000000005 0.00026282501253868933
6.82 0.0002696953085911023
6.83 0.00027487032214351534
6.84 0.00027858797819592845
6.8500000000000005 0.0002809052067483418
6.86 0.00028206001305075486
6.87 0.000282756832103168
6.88 0.0002841129534055811
6.890000000000001 0.00028732994195799453
6.9 0.0002935984005104076
6.91 0.00030426871156282056
6.92 0.00032058574511523326
6.93 0.00034283407866764567
6.94 0.00036985939222006046
6.95 0.0003995942945224729
6.96 0.00042985514932488534
6.97 0.0004585639978772978
6.98 0.0004837025064297125
6.99 0.000503662454982125
7.0 0.0005178219460345377
7.01 0.0005267413395869506
7.0200000000000005 0.000531892468139364
7.03 0.000535236586441777
7.04 0.0005387899367441899
7.05 0.0005441717917966028
7.0600000000000005 0.0005522687843490164
7.07 0.0005631549444014292
7.08 0.000576219154453842
7.09 0.0005903787362562547
7.1000000000000005 0.0006042809915586686
7.11 0.0006164434011110814
7.12 0.0006254248456634942
7.13 0.0006301813902159072
7.140000000000001 0.0006305119972683203
7.15 0.0006272444218207333
7.16 0.0006219527738731464
7.17 0.0006163465309255595
7.18 0.0006116600854779726
7.19 0.0006083674000303853
7.2 0.0006063964545827983
7.21 0.0006056372716352113
7.22 0.0006062211136876243
7.23 0.0006083282407400375
7.24 0.0006118564552924505
7.25 0.0006163179725948634
7.26 0.0006209057196472763
7.2700000000000005 0.0006245928629496896
7.28 0.0006263885580021025
7.29 0.0006257741080545155
7.3 0.0006229634506069285
7.3100000000000005 0.0006186880541593412
7.32 0.0006136872654617544
7.33 0.0006082955222641675
7.34 0.0006023096383165807
7.3500000000000005 0.0005951415973689931
7.36 0.0005862453714214062
7.37 0.0005756797477238194
7.38 0.0005644424685262326
7.390000000000001 0.000554236839078645
7.4 0.0005467288696310583
7.41 0.0005427914101834713
7.42 0.0005422812382358843
7.43 0.0005444212787882971
7.44 0.0005483110810907103
7.45 0.0005531213538931232
7.46 0.0005580318624455361
7.47 0.000562194717997949
7.48 0.0005647631660503621
7.49 0.000564887146602775
7.5 0.000561740994655188
7.51 0.0005546923077076011
7.5200000000000005 0.0005435094057600133
7.53 0.0005284229238124265
7.54 0.0005100283243648397
7.55 0.0004891260299172531
7.5600000000000005 0.00046656785071966456
7.57 0.00044317181164707796
7.58 0.00041974137282449134
7.59 0.0003971020401269047
7.6000000000000005 0.00037602788817931625
7.61 0.0003570546212317296
7.62 0.0003402700342841429
7.63 0.0003251804688365561
7.640000000000001 0.000310760212888968
7.65 0.0002957150889413812
7.66 0.0002788112714937945
7.67 0.0002591331490462079
7.68 0.00023631517659862149
7.69 0.00021071578165103276
7.7 0.0001833042137034463
7.71 0.00015528409800585986
7.72 0.00012788144580827337
7.73 0.00010240949436068467
7.74 8.010960291309822e-05
7.75 6.15803189655116e-05
7.76 4.644679501792485e-05
7.7700000000000005 3.373122607033694e-05
7.78 2.238686212275019e-05
7.79 1.1409072175163419e-05
7.8 -1.6068727242332377e-07
7.8100000000000005 -1.2896102720011204e-05
7.82 -2.6700727417597967e-05
7.83 -4.11069523651847e-05
7.84 -5.5834936062771425e-05
7.8500000000000005 -7.09642630103595e-05
7.86 -8.674079495794622e-05
7.87 -0.0001034560939055329
7.88 -0.00012147038785311954
7.890000000000001 -0.00014117287930070794
7.9 -0.00016288355574829458
7.91 -0.00018680867969588113
7.92 -0.00021299217614346758
7.930000000000001 -0.00024122207259105654
7.94 -0.000271038179038643
7.95 -0.0003018890774862294
7.96 -0.0003332429599088158
7.97 -0.0003645569485314022
7.98 -0.00039525917312899136
7.99 -0.00042480912447657776
8.0 -0.0004526874458241642
8.01 -0.00047831221217175076
8.02 -0.0005011268135193375
8.03 -0.0005208977098669242
8.040000000000001 -0.0005378732287145139
8.05 -0.0005525922400621005
8.06 -0.0005656216814096871
8.07 -0.0005775107677572738
8.08 -0.0005887896006048605
8.09 -0.0005997705902024473
8.1 -0.000610357223800034
8.11 -0.0006201777736476208
8.120000000000001 -0.0006289048834952091
8.13 -0.0006364150683427957
8.14 -0.0006427986959403825
8.15 -0.0006484205295379692
8.16 -0.0006539563466355559
8.17 -0.0006602378137331427
8.18 -0.0006680171680807293
8.19 -0.0006777945324283159
8.2 -0.0006896145442759023
8.21 -0.0007028642366234912
8.22 -0.0007163740324710778
8.23 -0.0007287979788186644
8.24 -0.0007387778576662511
8.25 -0.000744822436513838
8.26 -0.0007455488778614251
8.27 -0.0007404773792090125
8.28 -0.0007305038130566001
8.290000000000001 -0.0007174105669041853
8.3 -0.0007030789312517727
8.31 -0.0006892679340993601
8.32 -0.0006777110274469473
8.33 -0.0006698528532945344
8.34 -0.0006663606891421214
8.35 -0.0006669945449897081
8.36 -0.0006708700208372946
8.370000000000001 -0.0006767616924348823
8.38 -0.000683341257782469
8.39 -0.0006893544858800558
8.4 -0.0006935849312276427
8.41 -0.0006946992815752296
8.42 -0.0006914238869228168
8.43 -0.0006830881822704042
8.44 -0.0006698993226179917
8.45 -0.0006525956854655794
8.46 -0.0006319677583131634
8.47 -0.0006087504511607509
8.48 -0.0005837174970083384
8.49 -0.000557655923605926
8.5 -0.0005313152139535136
8.51 -0.0005054659640511012
8.52 -0.0004808288953986887
8.53 -0.00045770028174627617
8.540000000000001 -0.0004356256493013597
8.55 -0.0004135788467714473
8.56 -0.0003905878679490349
8.57 -0.0003663338773766225
8.58 -0.00034131556155421016
8.59 -0.00031648756298179785
8.6 -0.0002926283401593855
8.61 -0.00026991868358697306
8.620000000000001 -0.00024808179851455676
8.63 -0.0002269131216921444
8.64 -0.00020661595436973198
8.65 -0.00018760732604731952
8.66 -0.000170083050224907
8.67 -0.0001538353709024944
8.68 -0.00013845693483008177
8.69 -0.00012369091225766912
8.700000000000001 -0.00010964226793525403
8.71 -9.672233511284145e-05
8.72 -8.53642072904288e-05
8.73 -7.569336196801609e-05
8.74 -6.740842164560332e-05
8.75 -5.995385432319051e-05
8.76 -5.277734575077769e-05
8.77 -4.546905792836488e-05
8.78 -3.783295660595208e-05
8.790000000000001 -2.9968419283537884e-05
8.8 -2.224946621112507e-05
8.81 -1.5149058388712232e-05
8.82 -9.118009066299347e-06
8.83 -4.634859743886396e-06
8.84 -2.183110421473358e-06
8.85 -1.9972210990602237e-06
8.86 -3.882146776647002e-06
8.870000000000001 -7.380622454234454e-06
8.88 -1.2034092381821357e-05
8.89 -1.7412865809408226e-05
8.9 -2.3052862736995087e-05
8.91 -2.8515718414581954e-05
8.92 -3.341893859216885e-05
8.93 -3.732697101975578e-05
8.94 -3.9790553197342776e-05
8.950000000000001 -4.065823787492985e-05
8.96 -4.02555093025167e-05
8.97 -3.917903005510357e-05
8.98 -3.806445670769044e-05
8.99 -3.7591221685277286e-05
9.0 -3.839411916286408e-05
9.01 -4.067011414045081e-05
9.02 -4.392053473803749e-05
9.03 -4.719795107562418e-05
9.040000000000001 -4.9509952033211194e-05
9.05 -4.993337499079775e-05
9.06 -4.759636794838442e-05
9.07 -4.1881698405971233e-05
9.08 -3.275599886355819e-05
9.09 -2.088917432114527e-05
9.1 -7.50525676623241e-06
9.11 5.86929931368045e-06
9.120000000000001 1.768713840609527e-05
9.13 2.6704729998507905e-05
9.14 3.2257244090920686e-05
9.15 3.432729318333362e-05
9.16 3.3386519775746676e-05
9.17 3.0155123868159834e-05
9.18 2.5444470960573053e-05
9.19 2.00960675529863e-05
9.200000000000001 1.486032839539865e-05
9.21 1.0116336737811949e-05
9.22 5.626495080225237e-06
9.23 6.502809226385464e-07
9.24 -5.572258484948091e-06
9.25 -1.3368595392534662e-05
9.26 -2.2577797300121172e-05
9.27 -3.2794535207707646e-05
9.28 -4.355379244029409e-05
9.290000000000001 -5.4354904322882435e-05
9.3 -6.472846453046885e-05
9.31 -7.44212464880553e-05
9.32 -8.349651719564178e-05
9.33 -9.222027810322828e-05
9.34 -0.00010089300466081477
9.35 -0.00010979896716840126
9.36 -0.00011917358642598772
9.370000000000001 -0.00012901213718357593
9.38 -0.00013883422219116245
9.39 -0.000147743218698749
9.4 -0.00015488049120633562
9.41 -0.00015991881621392235
9.42 -0.00016316398122150915
9.43 -0.000165278846979096
9.44 -0.00016702435848668285
9.450000000000001 -0.00016919568674427014
9.46 -0.00017250509925185707
9.47 -0.00017725518425944396
9.48 -0.0001831052740170308
9.49 -0.0001892576870246176
9.5 -0.00019489318978220446
9.51 -0.00019944009128979135
9.52 -0.00020258531779737828
9.53 -0.0002042507843049653
9.540000000000001 -0.00020462616056255234
9.55 -0.00020411176807013924
9.56 -0.00020310839757772616
9.57 -0.0002018162743353131
9.58 -0.00020019552859290005
9.59 -0.000198037466350487
9.6 -0.00019501894685807402
9.61 -0.00019073874236566108
9.620000000000001 -0.00018483518787324702
9.63 -0.0001771911683808339
9.64 -0.00016806461463842086
9.65 -0.00015799777289600785
9.66 -0.00014759351840359485
9.67 -0.00013739044316118186
9.68 -0.00012788166891876884
9.69 -0.00011945880742635576
9.700000000000001 -0.00011216275718394143
9.71 -0.00010551618919152846
9.72 -9.880029919911549e-05
9.73 -9.164065645670254e-05
9.74 -8.42900777142896e-05
9.75 -7.729449172187665e-05
9.76 -7.097383797946366e-05
9.77 -6.530715748705065e-05
9.78 -6.0223180994637615e-05
9.790000000000001 -5.584842500222385e-05
9.8 -5.2461855509810886e-05
9.81 -5.029102851739787e-05
9.82 -4.9346266524984806e-05
9.83 -4.93439537825717e-05
9.84 -4.972102729015858e-05
9.85 -4.975083054774547e-05
9.86 -4.870722905533241e-05
9.870000000000001 -4.600095006291877e-05
9.88 -4.127749107050553e-05
9.89 -3.447243207809238e-05
9.9 -2.5772458085679306e-05
9.91 -1.54883290932663e-05
9.92 -3.953531350853349e-06
9.93 8.487809641559564e-06
9.94 2.1477839633972454e-05
9.950000000000001 3.4682510701387685e-05
9.96 4.780290641880058e-05
9.97 6.052528721121349e-05
9.98 7.250303675362644e-05
9.99 8.340949554603942e-05
10.0 9.294669683845247e-05
10.01 0.0001007786181308656
10.02 0.00010657193942327881
10.03 0.00011021841571569212
10.040000000000001 0.00011198016450810566
10.05 0.0001123455558005188
10.06 0.00011179392034293198
10.07 0.00011074991181034518
10.08 0.0001096617148777584
10.09 0.00010900494162017158
10.1 0.00010924430486258473
10.11 0.00011085222135499782
10.120000000000001 0.00011431329534741164
10.13 0.00012007780683982493
10.14 0.0001285952708322381
10.15 0.00014039754732465113
10.16 0.000155946083817064
10.17 0.0001752254028094767
10.18 0.0001975302393018893
10.19 0.0002217119505443018
10.200000000000001 0.0002465473562867187
10.21 0.00027085876927913124
10.22 0.0002935198147715438
10.23 0.0003136266152639565
10.24 0.0003307577232563693
10.25 0.00034507083624878224
10.26 0.00035719473424119526
10.27 0.00036802997248360837
10.28 0.0003785178587260215
10.290000000000001 0.00038940640096843653
10.3 0.0004010902154608497
10.31 0.0004135807704532628
10.32 0.0004265887492456759
10.33 0.000439669302888089
10.34 0.00045236787783050215
10.35 0.0004643149342729153
10.36 0.0004752775284653285
10.370000000000001 0.0004851914824077434
10.38 0.0004941381186001565
10.39 0.0005022559680425696
10.4 0.0005096883097349828
10.41 0.000516604680177396
10.42 0.0005231506578698092
10.43 0.0005292660478122224
10.44 0.0005346031735046357
10.450000000000001 0.0005387275101970497
10.46 0.0005413975418894628
10.47 0.0005426324135818759
10.48 0.0005425891327742892
10.49 0.0005414271769667025
10.5 0.0005391941886591158
10.51 0.0005357390478515292
10.52 0.0005307859995439426
10.53 0.0005241871337363562
10.540000000000001 0.0005160897479287681
10.55 0.0005068308953711815
10.56 0.0004967436715635949
10.57 0.00048612216050600835
10.58 0.0004752917091984218
10.59 0.00046461194989083523
10.6 0.00045443023983324866
10.61 0.00044509286727566205
10.620000000000001 0.0004369839749680741
10.63 0.0004305075601604876
10.64 0.00042605529535290104
10.65 0.0004240261205453144
10.66 0.0004248064832377276
10.67 0.0004286014209301407
10.68 0.0004352234811225537
10.69 0.00044404326631496653
10.700000000000001 0.0004541143327573812
10.71 0.00046432537669979416
10.72 0.00047349917939220714
10.73 0.0004804621645846202
10.74 0.0004841281047770334
10.75 0.00048366962996944683
10.76 0.0004788095026618604
10.77 0.00047003239035427413
10.78 0.000458442110546688
10.790000000000001 0.0004453756477390995
10.8 0.0004322115389315133
10.81 0.00042041920962392705
10.82 0.0004113662403163407
10.83 0.0004057451185087542
10.84 0.00040323381670116754
10.85 0.0004028418253935808
10.86 0.00040349194353599404
10.870000000000001 0.00040421397107840736
10.88 0.00040405902357082055
10.89 0.0004021989330632338
10.9 0.00039820805255564716
10.91 0.00039217670454806057
10.92 0.0003845728455404741
10.93 0.0003760524765328876
10.94 0.00036733607352530114
10.950000000000001 0.0003591278035177133
10.96 0.0003520548590101269
10.97 0.0003465896745025404
10.98 0.0003429200824949539
10.99 0.00034085695048736726
11.0 0.0003399017587297806
11.01 0.0003394126279721939
11.02 0.00033870066071460726
11.03 0.00033704785095702066
11.040000000000001 0.00033377318594943336
11.05 0.00032838232094184656
11.06 0.00032071380593425984
11.07 0.0003109944509266732
11.08 0.00029977088391908667
11.09 0.00028775217043650015
11.1 0.0002756557750039136
11.11 0.0002640896355963271
11.120000000000001 0.0002534141874387387
11.13 0.00024363092578115228
11.14 0.00023448381662356582
11.15 0.00022576526496597934
11.16 0.00021749541930839283
11.17 0.0002097772444008063
11.18 0.00020256927999321976
11.19 0.0001956494510606332
11.200000000000001 0.0001886820655780454
11.21 0.00018123773532045882
11.22 0.00017288563031287227
11.23 0.00016344437355528577
11.24 0.0001531421347976993
11.25 0.00014246703479011286
11.26 0.00013191033078252643
11.27 0.00012190569902493996
11.28 0.00011292218576735345
11.290000000000001 0.0001054850482597657
11.3 0.00010007996075217935
11.31 9.703450574459291e-05
11.32 9.641154823700637e-05
11.33 9.793298322941973e-05
11.34 0.00010101339072183302
11.35 0.00010492033116424629
11.36 0.00010893007975665954
11.370000000000001 0.00011236131329907335
11.38 0.00011452386909148652
11.39 0.00011469629988389978
11.4 0.00011219781567631315
11.41 0.00010654412646872666
11.42 9.76145972611403e-05
11.43 8.572980055355408e-05
11.44 7.158559134596795e-05
11.450000000000001 5.607811488837904e-05
11.46 4.010415093079282e-05
11.47 2.4396310723206596e-05
11.48 9.40770126562034e-06
11.49 -4.743802191965954e-06
11.5 -1.824548189955227e-05
11.51 -3.14675723571386e-05
11.52 -4.480006506472493e-05
11.53 -5.851707602231124e-05
11.540000000000001 -7.269365972990008e-05
11.55 -8.717278873748644e-05
11.56 -0.0001016012118450728
11.57 -0.00011553314325265917
11.58 -0.0001285263071602456
11.59 -0.00014018121556783208
11.6 -0.00015019873647541861
11.61 -0.00015850840988300524
11.620000000000001 -0.00016534023579059304
11.63 -0.00017111041469817953
11.64 -0.00017621634935576606
11.65 -0.0001809076205133526
11.66 -0.00018524055592093915
11.67 -0.00018908895407852573
11.68 -0.00019229202948611233
11.69 -0.00019490770314369897
11.700000000000001 -0.00019731152505128604
11.71 -0.0002000385794588727
11.72 -0.00020363445536645928
11.73 -0.00020867592277404583
11.74 -0.0002157037826816323
11.75 -0.00022491290508921865
11.76 -0.00023595031749680493
11.77 -0.00024811896815439115
11.78 -0.0002606944070619774
11.790000000000001 -0.00027298007521956574
11.8 -0.0002842616051271519
11.81 -0.0002939689950347381
11.82 -0.00030191038744232444
11.83 -0.00030828868234991083
11.84 -0.00031357431550749725
11.85 -0.00031841544766508367
11.86 -0.0003234779710726701
11.870000000000001 -0.00032913473323025757
11.88 -0.0003352970123878441
11.89 -0.00034160707029543057
11.9 -0.00034770699020301706
11.91 -0.0003532625178606036
11.92 -0.00035787748651819014
11.93 -0.00036113906292577674
11.94 -0.00036273119433336345
11.950000000000001 -0.00036253347824095005
11.96 -0.0003608168716485366
11.97 -0.0003584367085561231
11.98 -0.00035661211646370963
11.99 -0.00035627111887129607
12.0 -0.0003576122062788825
12.01 -0.0003603173994364688
12.02 -0.0003640018173440551
12.030000000000001 -0.00036834905350164216
12.040000000000001 -0.0003730197225092285
12.05 -0.0003776616774668148
12.06 -0.00038197263402440113
12.07 -0.0003856490150819875
12.08 -0.0003883549796395739
12.09 -0.00038985619244716037
12.1 -0.0003901416977547469
12.11 -0.00038936184256233345
12.120000000000001 -0.0003877219893699197
12.13 -0.0003854643154275062
12.14 -0.0003828108469850927
12.15 -0.0003798158950426792
12.16 -0.00037636217785026575
12.17 -0.00037242090990785234
12.18 -0.0003682980862154389
12.19 -0.00036456574352302545
12.200000000000001 -0.00036175207983061154
12.21 -0.0003600765761381982
12.22 -0.00035939024644578485
12.23 -0.00035929521175337144
12.24 -0.00035932609681095805
12.25 -0.00035906083186854466
12.26 -0.0003581037426761313
12.27 -0.000356026317983718
12.280000000000001 -0.00035240459829130393
12.290000000000001 -0.00034697608359889043
12.3 -0.00033980343890647704
12.31 -0.0003313344997140637
12.32 -0.0003223371902716504
12.33 -0.00031374544632923706
12.34 -0.00030647262613682367
12.35 -0.00030124371844441017
12.36 -0.0002984731857519966
12.370000000000001 -0.000298210283059583
12.38 -0.00030018917286716966
12.39 -0.0003039827476747562
12.4 -0.0003091581859823427
12.41 -0.00031531799328992917
12.42 -0.0003220438031975156
12.43 -0.000328876839055102
12.44 -0.00033541173126268846
12.450000000000001 -0.0003414329734702759
12.46 -0.0003469696411778623
12.47 -0.0003522204815104487
12.48 -0.0003574078410930351
12.49 -0.00036266019992562147
12.5 -0.00036797909433320785
12.51 -0.00037325532251579425
12.52 -0.00037826663827338064
12.530000000000001 -0.0003826805160309678
12.540000000000001 -0.0003861586307885541
12.55 -0.00038854504029614046
12.56 -0.00038996227280372686
12.57 -0.00039072036131131333
12.58 -0.0003911694122938998
12.59 -0.00039164186222648625
12.6 -0.0003924441311340727
12.61 -0.00039380218079165916
12.620000000000001 -0.00039578989544924596
12.63 -0.0003983095821068325
12.64 -0.0004011102380144189
12.65 -0.0004038303486720054
12.66 -0.00040611914082959194
12.67 -0.00040781769823717846
12.68 -0.000409045221394765
12.69 -0.0004100964420523516
12.700000000000001 -0.00041124573845993835
12.71 -0.0004125983716175249
12.72 -0.00041404094227511147
12.73 -0.00041529746493269805
12.74 -0.00041607999034028463
12.75 -0.00041625582624787126
12.76 -0.0004159136531554579
12.77 -0.00041528708428804456
12.780000000000001 -0.0004146189203706311
12.790000000000001 -0.00041409430392821777
12.8 -0.00041388917973580444
12.81 -0.0004142311287933911
12.82 -0.00041532667485097766
12.83 -0.0004171889371585642
12.84 -0.00041957744696615075
12.85 -0.00042212459502373727
12.86 -0.0004244603323313238
12.870000000000001 -0.0004262153871389106
12.88 -0.00042705708744649704
12.89 -0.00042686637925408357
12.9 -0.0004258632778116701
12.91 -0.0004244898591192567
12.92 -0.0004231802754268433
12.93 -0.0004222410922344298
12.94 -0.0004218395895420163
12.950000000000001 -0.0004219877268496029
12.96 -0.00042252961590718945
12.97 -0.000423194382714776
12.98 -0.00042369145752236257
12.99 -0.0004237930390799492
13.0 -0.0004233874843875358
13.01 -0.00042249636369512243
13.02 -0.0004212490287527091
13.030000000000001 -0.0004198305168602955
13.040000000000001 -0.0004184176693178821
13.05 -0.0004171183380754688
13.06 -0.0004159528358330554
13.07 -0.00041487458147839205
13.08 -0.00041375673289922865
13.09 -0.0004123612902078153
13.1 -0.00041043643726640193
13.11 -0.00040792092807498864
13.120000000000001 -0.0004049657933835748
13.13 -0.00040167714294216144
13.14 -0.0003979414320007481
13.15 -0.00039360205555933486
13.16 -0.0003886937176179216
13.17 -0.00038336739292650835
13.18 -0.00037765895573509513
13.19 -0.00037144083779368193
13.200000000000001 -0.00036451423110226745
13.21 -0.00035662962341085415
13.22 -0.0003474969114694409
13.23 -0.00033692299202802773
13.24 -0.0003249515125866146
13.25 -0.0003118507583952016
13.26 -0.00029804942020378853
13.27 -0.0002841075432623755
13.280000000000001 -0.0002705850135709601
13.290000000000001 -0.00025778134037954714
13.3 -0.00024562062693813416
13.31 -0.00023382418747172116
13.32 -0.00022211269370530815
13.33 -0.00021021755091389516
13.34 -0.00019787165062248218
13.35 -0.00018497362333106922
13.36 -0.00017175583728965628
13.370000000000001 -0.00015870031524824107
13.38 -0.00014626647820682818
13.39 -0.00013468719441541525
13.4 -0.0001239512756240023
13.41 -0.0001139240230825893
13.42 -0.00010451772654117628
13.43 -9.579232024976323e-05
13.44 -8.787086120835014e-05
13.450000000000001 -8.072779316693582e-05
13.46 -7.40757328505228e-05
13.47 -6.746059123410979e-05
13.48 -6.043274309269679e-05
13.49 -5.2655952951283825e-05
13.5 -4.39690498098709e-05
13.51 -3.4422874418458014e-05
13.52 -2.423879252704515e-05
13.530000000000001 -1.3702407185630413e-05
13.540000000000001 -3.111131944217531e-06
13.55 7.203074747195364e-06
13.56 1.6916931938608283e-05
13.57 2.5882274380021234e-05
13.58 3.424681007143421e-05
13.59 4.23706995128472e-05
13.6 5.062246245426018e-05
13.61 5.924078864567315e-05
13.620000000000001 6.831028358708775e-05
13.63 7.777479352850077e-05
13.64 8.744824909491377e-05
13.65 9.705427491132677e-05
13.66 0.0001063099668527398
13.67 0.00011501927529415285
13.68 0.00012313696798556592
13.69 0.000130789848676979
13.700000000000001 0.00013825633736839343
13.71 0.00014590836230980652
13.72 0.00015412308800121958
13.73 0.0001631760844426326
13.74 0.0001731438783840456
13.75 0.00018386401332545855
13.76 0.00019498101599187148
13.77 0.00020604736610828442
13.780000000000001 0.0002166228669496992
13.790000000000001 0.0002263617252911121
13.8 0.000235103999132525
13.81 0.00024293456847393794
13.82 0.00025014454331535093
13.83 0.0002571193684067639
13.84 0.0002642602199981769
13.85 0.00027196637758958986
13.86 0.00028059063918100277
13.870000000000001 0.0002903350725224175
13.88 0.00030119011411383053
13.89 0.0003129945402052435
13.9 0.0003255448367966565
13.91 0.00033864816513806944
13.92 0.00035211391697948234
13.93 0.00036574128749589525
13.94 0.00037932596911230816
13.950000000000001 0.00039266968990372346
13.96 0.00040558554519513635
13.97 0.00041792083473654926
13.98 0.0004296159405279622
13.99 0.00044076217281937516
14.0 0.00045158826033578814
14.01 0.00046237460580220114
14.02 0.0004733763249936141
14.030000000000001 0.0004847848524350291
14.040000000000001 0.0004966741121264421
14.05 0.0005089507563178551
14.06 0.0005214270300092682
14.07 0.0005339964879506812
14.08 0.0005466827893920942
14.09 0.0005594580518335072
14.1 0.0005720673255249202
14.11 0.0005841056199663332
14.120000000000001 0.0005952403891577482
14.13 0.0006053054660991611
14.14 0.0006142158405405741
14.15 0.0006218771899819871
14.16 0.0006282109444234002
14.17 0.0006332452463648134
14.18 0.0006371617855562265
14.19 0.0006402527984976398
14.200000000000001 0.0006428344361890534
14.21 0.0006451986322554666
14.22 0.0006476352555718798
14.23 0.0006504679210132929
14.24 0.000654025932954706
14.25 0.0006585493213961192
14.26 0.0006640980073375322
14.27 0.0006705326320289452
14.280000000000001 0.0006775762024703594
14.290000000000001 0.0006849058169617725
14.3 0.0006922038613031855
14.31 0.0006991524801945986
14.32 0.0007054285640860116
14.33 0.0007107490017274247
14.34 0.000714944717368838
14.35 0.0007180051280102512
14.36 0.0007200554809016646
14.370000000000001 0.0007212782417930781
14.38 0.0007218430284344913
14.39 0.0007219044373259045
14.4 0.0007216460669673178
14.41 0.000721288837358731
14.42 0.0007210150442501442
14.43 0.0007208383578665575
14.44 0.0007205097071829707
14.450000000000001 0.0007195700627243837
14.46 0.0007175858112657969
14.47 0.0007144194323072101
14.48 0.0007103020633486233
14.49 0.0007056782020400366
14.5 0.0007010439870314498
14.51 0.000696904499172863
14.52 0.0006937065023142762
14.530000000000001 0.0006916524579556891
14.540000000000001 0.0006905828555971024
14.55 0.0006900972884885157
14.56 0.000689769895629929
14.57 0.0006892311370213423
14.58 0.0006881349514127556
14.59 0.000686169591804169
14.6 0.0006831345384455823
14.61 0.0006789905350869958
14.620000000000001 0.0006738455184784084
14.63 0.0006679050573698218
14.64 0.0006614140037612352
14.65 0.0006546100340776486
14.66 0.000647699129194062
14.67 0.0006408297046354754
14.68 0.0006340539585018888
14.69 0.0006273125220183023
14.700000000000001 0.0006204583466597144
14.71 0.0006132852700011279
14.72 0.0006055502740925413
14.73 0.0005970125641839547
14.74 0.0005874743590253682
14.75 0.0005768028063667817
14.76 0.0005649710137081952
14.77 0.0005521181162996088
14.780000000000001 0.0005385309778910201
14.790000000000001 0.0005245323744824336
14.8 0.0005104240705738472
14.81 0.0004965279089152607
14.82 0.00048314114950667427
14.83 0.0004703414360980878
14.84 0.0004578808964395013
14.85 0.00044532059928091485
14.86 0.0004322004246223284
14.870000000000001 0.00041806198346373933
14.88 0.00040247186480515273
14.89 0.00038518230614656624
14.9 0.0003662459499879798
14.91 0.0003459024313293934
14.92 0.0003243900001708071
14.93 0.0003019065545122208
14.94 0.00027867599535363457
14.950000000000001 0.0002549600354450441
14.96 0.0002310137799064578
14.97 0.00020707399435787152
14.98 0.00018338435292928522
14.99 0.0001602038890006989
15.0 0.00013778466882211256
15.01 0.00011634996164352617
15.02 9.610807846493973e-05
15.030000000000001 7.728854278635003e-05
15.040000000000001 6.012081460776373e-05
15.05 4.472366392917736e-05
15.06 3.102216825059092e-05
15.07 1.8802930072004415e-05
15.08 7.821321893417859e-06
15.09 -2.1766097851687407e-06
15.1 -1.147916621375537e-05
15.11 -2.0385724142342016e-05
15.120000000000001 -2.9184636070930234e-05
15.13 -3.818397074951689e-05
15.14 -4.7682469178103515e-05
15.15 -5.7821795356690116e-05
15.16 -6.84952587852767e-05
15.17 -7.944114416386326e-05
15.18 -9.036994894244983e-05
15.19 -0.00010098734442103641
15.200000000000001 -0.00011103611439962474
15.21 -0.00012045279637821125
15.22 -0.00012945883505929777
15.23 -0.0001384376673953843
15.24 -0.00014776820568397083
15.25 -0.00015780928547255732
15.26 -0.00016892627676114375
15.27 -0.00018137514054973014
15.280000000000001 -0.00019511626658831903
15.290000000000001 -0.00020975073537690553
15.3 -0.00022460135916549203
15.31 -0.00023884403370407853
15.32 -0.0002516618019926651
15.33 -0.0002624244552812518
15.34 -0.00027082753356983855
15.35 -0.0002769269193584254
15.36 -0.0002810812701470124
15.370000000000001 -0.00028383173168559976
15.38 -0.0002857550432241866
15.39 -0.0002873810700127735
15.4 -0.00028923544705136033
15.41 -0.00029189837008994715
15.42 -0.0002959105073785339
15.43 -0.0003015613221671206
15.44 -0.0003087884844557072
15.450000000000001 -0.0003172991792442954
15.46 -0.0003267632985328821
15.47 -0.0003368929208214688
15.48 -0.0003474062415850555
15.49 -0.00035799455879864217
15.5 -0.00036835040798722884
15.51 -0.00037820339117581556
15.52 -0.0003873000788644023
15.530000000000001 -0.0003953608750529904
15.540000000000001 -0.000402104163741577
15.55 -0.0004073458874301637
15.56 -0.00041108352111875044
15.57 -0.00041350844905733725
15.58 -0.0004149754939959241
15.59 -0.000415936791434511
15.6 -0.0004168048673730979
15.610000000000001 -0.00041779275006168496
15.620000000000001 -0.00041886477175027184
15.63 -0.00041983305443885874
15.64 -0.0004204780603774457
15.65 -0.0004206017600660326
15.66 -0.00042006543850461956
15.67 -0.00041887602919320655
15.68 -0.00041726122165679355
15.69 -0.0004156260801703806
15.700000000000001 -0.0004144062217089674
15.71 -0.00041397305724755445
15.72 -0.00041469455953614144
15.73 -0.0004170169493247284
15.74 -0.00042133847661331527
15.75 -0.00042772027140190207
15.76 -0.0004357602856904888
15.77 -0.00044476819147907544
15.780000000000001 -0.00045398783326766373
15.790000000000001 -0.0004626646005562504
15.8 -0.0004701151118448371
15.81 -0.0004759450931334239
15.82 -0.0004802038744220107
15.83 -0.0004832455929605976
15.84 -0.0004854616009991845
15.85 -0.00048718863553777144
15.860000000000001 -0.0004887887588263587
15.870000000000001 -0.0004906755288649456
15.88 -0.0004932138864035325
15.89 -0.0004966119651921195
15.9 -0.0005008784907307064
15.91 -0.0005058071532692931
15.92 -0.0005109703850578799
15.93 -0.0005157884770964667
15.94 -0.0005197163063850535
15.950000000000001 -0.0005224572681736408
15.96 -0.0005240358719622275
15.97 -0.0005246745700008143
15.98 -0.0005246193875394011
15.99 -0.0005240795493279879
16.0 -0.0005232690065915748
16.01 -0.0005224267113051615
16.02 -0.0005217813874937484
16.03 -0.0005215362714323351
16.04 -0.0005219086103709218
16.05 -0.0005231503830595088
16.06 -0.0005254819947480952
16.07 -0.0005289927664366824
16.080000000000002 -0.00053361483112527
16.09 -0.0005391715918138558
16.1 -0.0005454065332524436
16.11 -0.0005519843547910292
16.12 -0.0005585713105296171
16.13 -0.0005649947281182026
16.14 -0.0005712959860817905
16.15 -0.0005775761912003762
16.16 -0.000583796276003964
16.17 -0.0005897187682125518
16.18 -0.0005949657381711376
16.19 -0.0005990937463797251
16.2 -0.0006017013370883115
16.21 -0.0006025891302968987
16.22 -0.0006018577710054857
16.23 -0.0005998304234640724
16.240000000000002 -0.0005968648306726588
16.25 -0.0005932131066312465
16.26 -0.0005889902718398327
16.27 -0.0005841901330484205
16.28 -0.0005786843405070066
16.29 -0.0005722354944655948
16.3 -0.0005646072686741806
16.31 -0.0005557480128827694
16.32 -0.0005458785438413549
16.330000000000002 -0.0005353907375499402
16.34 -0.0005246989935085292
16.35 -0.0005142025882171145
16.36 -0.0005042861349257034
16.37 -0.0004952215326342889
16.38 -0.0004870378345928774
16.39 -0.00047950251130146306
16.4 -0.0004721869472600514
16.41 -0.00046453490721863703
16.42 -0.0004559980551772224
16.43 -0.00044627140438581106
16.44 -0.00043542528659439614
16.45 -0.00042376759030298523
16.46 -0.00041161709376157015
16.47 -0.0003992481850951594
16.48 -0.0003869596284287443
16.490000000000002 -0.0003750740571373293
16.5 -0.00036387009384591837
16.51 -0.00035354242705450356
16.52 -0.00034415180051309223
16.53 -0.0003355454904716777
16.54 -0.0003273978899302661
16.55 -0.0003194211396138516
16.56 -0.00031152662374743994
16.57 -0.0003038054636060255
16.580000000000002 -0.00029649951921461123
16.59 -0.0002900415603231993
16.6 -0.00028493282543178526
16.61 -0.0002813958755403727
16.62 -0.00027917667464895905
16.63 -0.0002777323027575461
16.64 -0.00027649623311613256
16.65 -0.0002749167549747196
16.66 -0.00027246119408330595
16.67 -0.0002688145761918919
16.68 -0.0002640465060504794
16.69 -0.0002584831064090651
16.7 -0.00025247476001765285
16.71 -0.0002463399308762385
16.72 -0.0002403880252348262
16.73 -0.0002348271610934119
16.740000000000002 -0.0002296464699519977
16.75 -0.00022461362381058533
16.76 -0.00021931322516917107
16.77 -0.00021317914277775896
16.78 -0.00020565738838634445
16.79 -0.00019649550149493296
16.8 -0.00018587425210351806
16.81 -0.00017423732596210712
16.82 -0.000162060052320692
16.830000000000002 -0.00014979642217927686
16.84 -0.00013791093303786595
16.85 -0.00012680889914645093
16.86 -0.00011670027125503965
16.87 -0.00010755184136362489
16.88 -9.916209997221323e-05
16.89 -9.126693833079864e-05
16.9 -8.359408928938684e-05
16.91 -7.586696494797227e-05
16.92 -6.78159712065576e-05
16.93 -5.924021696514592e-05
16.94 -5.0090328723731114e-05
16.95 -4.0501384482319636e-05
16.96 -3.0752216990904763e-05
16.97 -2.1184432749493282e-05
16.98 -1.2100866008078492e-05
16.990000000000002 -3.6462820166638978e-06
17.0 4.272310974747791e-06
17.01 1.193696844116229e-05
17.02 1.9643114357574034e-05
17.03 2.7518259248988538e-05
17.04 3.546450539040025e-05
17.05 4.3246957281814736e-05
17.06 5.064023617322656e-05
17.07 5.753106556464094e-05
17.080000000000002 6.394834520605517e-05
17.09 7.005689764746716e-05
17.1 7.614028868888135e-05
17.11 8.255536953029329e-05
17.12 8.964882487170761e-05
17.13 9.76686172131192e-05
17.14 0.00010670665180453377
17.150000000000002 0.00011668116939594863
17.16 0.00012736305923735983
17.17 0.00013844134642877485
17.18 0.00014958039932018595
17.19 0.00016043244356160093
17.2 0.0001706517290530122
17.21 0.00017996517504442698
17.22 0.00018825201953583869
17.23 0.0001955545777772532
17.240000000000002 0.00020203716376866745
17.25 0.00020794381826007952
17.26 0.00021354254502649366
17.27 0.00021906129039290582
17.28 0.00022469441938431997
17.29 0.00023067049717573202
17.3 0.0002372310659671463
17.31 0.00024448907075855805
17.32 0.0002523557745499725
17.330000000000002 0.00026062793659138706
17.34 0.0002690724444077987
17.35 0.0002774199190242132
17.36 0.00028542298541562493
17.37 0.00029302650305703943
17.38 0.0003004081484984512
17.39 0.00030776616201486567
17.400000000000002 0.0003151110720312801
17.41 0.000322302543022692
17.42 0.00032920073676410635
17.43 0.0003357026710055184
17.44 0.00034169219874693264
17.45 0.00034705904923834494
17.46 0.000351788384479759
17.47 0.00035600212297117156
17.48 0.00035990987373758554
17.490000000000002 0.0003637429250539995
17.5 0.0003677425378954121
17.51 0.0003721679457368261
17.52 0.00037722905357823845
17.53 0.00038295401991965264
17.54 0.00038914001176106473
17.55 0.000395452950852479
17.56 0.00040153318994389116
17.57 0.00040700102853530535
17.580000000000002 0.0004114902946267192
17.59 0.0004148176382181317
17.6 0.0004171183100595453
17.61 0.0004187533721509582
17.62 0.00042009078501737166
17.63 0.00042138136493378466
17.64 0.0004227485953751981
17.650000000000002 0.00042419830831161157
17.66 0.0004256739118380245
17.67 0.000427200836059438
17.68 0.0004289909046308509
17.69 0.0004313507219522645
17.7 0.00043445444152367713
17.71 0.0004381879965950909
17.72 0.00044218377341650333
17.73 0.00044600259723791714
17.740000000000002 0.00044932968580933076
17.75 0.00045205727713074333
17.76 0.0004542253967021568
17.77 0.0004559123192735696
17.78 0.00045717769959498293
17.79 0.0004580540606663959
17.8 0.0004585171322378091
17.81 0.00045843626980922233
17.82 0.00045758560788063536
17.830000000000002 0.0004557479694520481
17.84 0.00045283735352346174
17.85 0.0004489467230948742
17.86 0.0004443023466662882
17.87 0.00043917974548770053
17.88 0.0004338490055341147
17.89 0.000428573110780527
17.900000000000002 0.00042362928800193943
17.91 0.00041930715072335345
17.92 0.00041586858319476604
17.93 0.0004134940586661796
17.94 0.0004122427966375925
17.95 0.0004120318903590056
17.96 0.0004126429873304187
17.97 0.0004137758215518315
17.98 0.00041512094092324475
17.990000000000002 0.00041637993684465793
18.0 0.0004172258599160708
18.01 0.00041729742123748387
18.02 0.0004162959798088971
18.03 0.0004141243458803099
18.04 0.0004109410009517236
18.05 0.00040707499652313614
18.06 0.0004028760804945501
18.07 0.00039864014951596256
18.080000000000002 0.0003946736159373751
18.09 0.0003913728596087889
18.1 0.0003891279662802017
18.11 0.000388088555451615
18.12 0.0003880670213730281
18.13 0.00038869262679444105
18.14 0.0003895896205158542
18.150000000000002 0.0003903991323372674
18.16 0.00039078639195868037
18.17 0.0003905741750800934
18.18 0.00038984885595150665
18.19 0.0003888759329229196
18.2 0.00038795298209433283
18.21 0.00038736637636574585
18.22 0.00038736879713715893
18.23 0.0003880685681585721
18.240000000000002 0.00038935475367998546
18.25 0.0003909889939513983
18.26 0.0003927420196978117
18.27 0.00039440977689422454
18.28 0.0003957715043156379
18.29 0.0003966320457370509
18.3 0.00039691910265846417
18.31 0.0003967011560798774
18.32 0.00039608674125129047
18.330000000000002 0.00039508485892270344
18.34 0.00039352673009411694
18.35 0.0003910977032655297
18.36 0.00038745477993694366
18.37 0.0003823585216083561
18.38 0.00037575983327977063
18.39 0.0003678234824511827
18.400000000000002 0.00035889705887259447
18.41 0.0003494421840690095
18.42 0.00033994412256542115
18.43 0.00033080969533683607
18.44 0.00032227686585824787
18.45 0.00031438437237966255
18.46 0.0003070233824010745
18.47 0.000300023230422489
18.48 0.000293206689793901
18.490000000000002 0.000286410080865313
18.5 0.00027951050853672744
18.51 0.00027248819098313944
18.52 0.0002654945499795539
18.53 0.00025883334325096593
18.54 0.0002527954977723802
18.55 0.00024746505529379243
18.56 0.00024270233981520643
18.57 0.00023828102483661876
18.580000000000002 0.0002339145973580311
18.59 0.00022912332837944513
18.6 0.00022326324715085728
18.61 0.00021586373842227187
18.62 0.00020690767219368365
18.63 0.00019671876196509884
18.64 0.00018566740598651032
18.650000000000002 0.00017406282775792162
18.66 0.00016221269180433708
18.67 0.00015044194965074836
18.68 0.00013907718077216371
18.69 0.00012847257589357515
18.7 0.00011897187026499009
18.71 0.00011074004963640183
18.72 0.00010365449950781626
18.73 9.741049112922826e-05
18.740000000000002 9.169276450064042e-05
18.75 8.621895689705459e-05
18.76 8.069642159346678e-05
18.77 7.481686756488103e-05
18.78 6.828309828629308e-05
18.79 6.080834600770769e-05
18.8 5.2095445979119454e-05
18.81 4.183420345053468e-05
18.82 2.9736908421945988e-05
18.830000000000002 1.5614943393356662e-05
18.84 -5.353591352272069e-07
18.85 -1.849817416381703e-05
18.86 -3.78774381924002e-05
18.87 -5.8177573220990336e-05
18.88 -7.888813134957322e-05
18.89 -9.953707242816341e-05
18.900000000000002 -0.00011967286335675343
18.91 -0.00013881191653533655
18.92 -0.00015648136896392626
18.93 -0.00017238824389251007
18.94 -0.00018653753632109931
18.95 -0.00019914897124968385
18.96 -0.00021047459617827273
18.97 -0.0002206972171068578
18.98 -0.00022991402003544637
18.990000000000002 -0.00023812116396403462
19.0 -0.0002452213053926202
19.01 -0.0002511107518212082
19.02 -0.0002557861107497943
19.03 -0.00025937645967838197
19.04 -0.0002621121013569685
19.05 -0.00026428493653555597
19.06 -0.0002662051754891427
19.07 -0.00026816417924273013
19.080000000000002 -0.0002704506355213177
19.09 -0.00027339442154990424
19.1 -0.000277319934078492
19.11 -0.0002823863516070781
19.12 -0.0002884785116356661
19.13 -0.00029529363191425185
19.14 -0.00030255549444284006
19.150000000000002 -0.0003101684499714284
19.16 -0.0003182030452500139
19.17 -0.0003267439095286023
19.18 -0.0003357146335571876
19.19 -0.00034480429883577604
19.2 -0.0003535489451143614
19.21 -0.00036150222439294973
19.22 -0.00036837386242153546
19.23 -0.0003740782254501235
19.240000000000002 -0.0003787117427287112
19.25 -0.0003824785227572974
19.26 -0.0003855852295358849
19.27 -0.0003881645235644714
19.28 -0.00039026503059305873
19.29 -0.00039186926537164543
19.3 -0.00039289815190023266
19.31 -0.00039323132842881964
19.32 -0.00039278490820740666
19.330000000000002 -0.00039162222373599344
19.34 -0.0003900243360895807
19.35 -0.00038845007559316745
19.36 -0.0003873677916717546
19.37 -0.00038705064500034144
19.38 -0.0003874812573289283
19.39 -0.0003883813463825153
19.400000000000002 -0.00038924803263610234
19.41 -0.0003893996313646893
19.42 -0.00038818181609327605
19.43 -0.0003852875108218636
19.44 -0.00038087640055044995
19.45 -0.0003753772265290381
19.46 -0.0003692622020076242
19.47 -0.00036301043048621247
19.48 -0.0003570805984647986
19.490000000000002 -0.00035172295969338493
19.5 -0.0003468330189219731
19.51 -0.00034207049715055947
19.52 -0.00033708728387914764
19.53 -0.00033159775185773394
19.54 -0.0003253357843363224
19.55 -0.0003181204338149085
19.56 -0.0003100466992934973
19.57 -0.00030159109852208327
19.580000000000002 -0.00029347394375066934
19.59 -0.00028634790497925804
19.6 -0.00028053731370784434
19.61 -0.0002759859504364325
19.62 -0.0002723695071650191
19.63 -0.0002692452220936069
19.64 -0.0002662070381721936
19.650000000000002 -0.0002630583388257803
19.66 -0.00025990697422936804
19.67 -0.00025707651475795476
19.68 -0.0002549135205365423
19.69 -0.0002536574125651292
19.7 -0.00025339814409371634
19.71 -0.00025405627537230353
19.72 -0.0002553986369008903
19.73 -0.00025711343737947764
19.740000000000002 -0.00025886956700806496
19.75 -0.00026032212783665175
19.76 -0.00026116287816523894
19.77 -0.000261253886493826
19.78 -0.00026069663032241306
19.79 -0.00025973103365100036
19.8 -0.0002585758019295873
19.81 -0.00025734407065817463
19.82 -0.0002560099996867615
19.830000000000002 -0.0002543810970153483
19.84 -0.00025214422234393584
19.85 -0.0002490320116725225
19.86 -0.0002450072762511104
19.87 -0.00024033391107969687
19.88 -0.00023552303865828495
19.89 -0.00023121916323687146
19.900000000000002 -0.0002280660160654583
19.91 -0.0002265645688940459
19.92 -0.0002269516217226332
19.93 -0.00022914666705121998
19.94 -0.0002328017616298077
19.95 -0.00023743642070839395
19.96 -0.0002425819725369819
19.97 -0.000247872211865568
19.98 -0.000253085845444156
19.990000000000002 -0.0002581635996727439
20.0 -0.00026317593212633005
20.01 -0.00026822718857991796
20.02 -0.00027336540128350406
20.03 -0.000278571844137092
20.04 -0.00028380077414067806
20.05 -0.000288993518294266
20.06 -0.0002940657692728521
20.07 -0.00029892096250144
20.080000000000002 -0.00030349904673002777
20.09 -0.000307824013458614
20.1 -0.00031202468931220177
20.11 -0.000316317494415788
20.12 -0.0003209398131443758
20.13 -0.0003260544833729618
20.14 -0.00033168709485154973
20.150000000000002 -0.00033773047808013777
20.16 -0.00034398222053372366
20.17 -0.0003501773424373117
20.18 -0.0003560315638158977
20.19 -0.0003613137626944857
20.2 -0.0003659073170730719
20.21 -0.00036980913720165967
20.22 -0.0003730847855802462
20.23 -0.0003758384059588338
20.240000000000002 -0.0003782085523374213
20.25 -0.000380353191641008
20.26 -0.0003824116889695955
20.27 -0.00038446167698318224
20.28 -0.0003864721702417697
20.29 -0.0003882594166603565
20.3 -0.00038949396982894386
20.31 -0.000389784401997531
20.32 -0.000388780179666118
20.330000000000002 -0.00038624280733470453
20.34 -0.0003821094925032923
20.35 -0.0003765462926718785
20.36 -0.00036991611684046685
20.37 -0.0003626681162590528
20.38 -0.0003552763514276413
20.39 -0.00034824659384622726
20.400000000000002 -0.0003420342770148135
20.41 -0.0003368441371834017
20.42 -0.0003325378218519882
20.43 -0.0003287751587705761
20.44 -0.00032518812218916267
20.45 -0.00032140584910775056
20.46 -0.000317062743276337
20.47 -0.0003119423111949252
20.48 -0.0003061069951135115
20.490000000000002 -0.00029980907778209766
20.5 -0.0002932779187006861
20.51 -0.00028661022261927216
20.52 -0.0002797731675378607
20.53 -0.00027258762245644665
20.54 -0.0002646958908750354
20.55 -0.00025562962604362113
20.56 -0.00024499208621221047
20.57 -0.00023264639888079578
20.580000000000002 -0.00021879553654938064
20.59 -0.00020389929846797062
20.6 -0.00018848287723655525
20.61 -0.00017300565320514536
20.62 -0.00015790324652373004
20.63 -0.00014367533409231984
20.64 -0.00013079820816090483
20.650000000000002 -0.00011948964472949029
20.66 -0.00010959650379807948
20.67 -0.00010072955136666526
20.68 -9.246106543525409e-05
20.69 -8.439444950383998e-05
20.7 -7.615325507242881e-05
20.71 -6.742552564101463e-05
20.72 -5.806271120960369e-05
20.73 -4.812642027818936e-05
20.740000000000002 -3.7834629771774915e-05
20.75 -2.746232111536412e-05
20.76 -1.726816588394969e-05
20.77 -7.4536424025387786e-06
20.78 1.8811898288755507e-06
20.79 1.078040306028665e-05
20.8 1.9421079241700894e-05
20.81 2.8043685823112052e-05
20.82 3.6898437604526324e-05
20.830000000000002 4.623551388594075e-05
20.84 5.6257927667351695e-05
20.85 6.700293444876628e-05
20.86 7.827205423017697e-05
20.87 8.970553376159166e-05
20.88 0.00010090371329300236
20.89 0.00011146921332441691
20.900000000000002 0.00012102133885583116
20.91 0.0001292903118872423
20.92 0.00013624431991865623
20.93 0.00014211612270006787
20.94 0.00014729968448148157
20.95 0.00015218990386289344
20.96 0.00015703671301930705
20.97 0.00016186915767571898
20.98 0.00016653730965713256
20.990000000000002 0.00017084899563854603
21.0 0.0001746983538699581
21.01 0.00017811238885137145
21.02 0.00018122838758278365
21.03 0.00018424298731419697
21.04 0.00018736277254560916
21.05 0.00019078370477702253
21.06 0.00019470006575843455
21.07 0.00019929756123984808
21.080000000000002 0.00020469168422126185
21.09 0.00021083650945267357
21.1 0.0002174765011340875
21.11 0.00022420199846549907
21.12 0.00023060503899691298
21.13 0.00023644387902832474
21.14 0.0002416913510597385
21.150000000000002 0.00024644472109115214
21.16 0.00025081038137256414
21.17 0.00025485089665397767
21.18 0.0002585544614353898
21.19 0.0002617919492168032
21.2 0.0002643356547482156
21.21 0.0002659845437796288
21.22 0.0002666942488110416
21.23 0.00026660372159245454
21.240000000000002 0.0002659896953738673
21.25 0.00026521753965528036
21.26 0.0002646709966866932
21.27 0.00026463916896810605
21.28 0.000265223332499519
21.29 0.0002663227065309316
21.3 0.00026767778631234463
21.31 0.0002689448255937572
21.32 0.0002698178433751702
21.330000000000002 0.000270174989156583
21.34 0.0002701509537379958
21.35 0.00027006827191940853
21.36 0.0002702763761508212
21.37 0.0002710059278822341
21.38 0.0002722998193636466
21.39 0.0002740034745950596
21.400000000000002 0.00027577734357647256
21.41 0.0002771530863078851
21.42 0.0002776841932892979
21.43 0.0002771401230207108
21.44 0.0002755812392521234
21.45 0.00027324161448353667
21.46 0.0002703517914649491
21.47 0.00026705329944636257
21.48 0.00026338738117777485
21.490000000000002 0.000259273329159187
21.5 0.0002544949921406008
21.51 0.0002487595483720127
21.52 0.00024180474710342695
21.53 0.00023348378083483853
21.54 0.00022381143956625335
21.55 0.00021298536004766462
21.56 0.00020136755102907988
21.57 0.000189419237260491
21.580000000000002 0.00017763182999190217
21.59 0.00016648985072331734
21.6 0.00015644183445472873
21.61 0.00014783587068614335
21.62 0.00014082282941755515
21.63 0.00013528728064896912
21.64 0.00013087181638038123
21.650000000000002 0.00012709603461179354
21.66 0.0001234958655932072
21.67 0.00011971959157461951
21.68 0.00011558512480603328
21.69 0.00011111182753744554
21.7 0.00010649775951885939
21.71 0.00010202878300027166
21.72 9.79705264816854e-05
21.73 9.449237271309777e-05
21.740000000000002 9.161610819451034e-05
21.75 8.918517117592385e-05
21.76 8.69001276573365e-05
21.77 8.444375963875e-05
21.78 8.16305861201626e-05
21.79 7.848470060157624e-05
21.8 7.520949583298878e-05
21.81 7.208799956440242e-05
21.82 6.938143529581502e-05
21.830000000000002 6.726028427722782e-05
21.84 6.575093700864124e-05
21.85 6.469638824005415e-05
21.86 6.379099372146744e-05
21.87 6.271835620288036e-05
21.88 6.130006893429375e-05
21.89 5.9545549165706595e-05
21.900000000000002 5.761227017211939e-05
21.91 5.5744391478532825e-05
21.92 5.420879030994567e-05
21.93 5.324589989135891e-05
21.94 5.308932072277194e-05
21.95 5.401482255418476e-05
21.96 5.6264416885598107e-05
21.97 5.9839916217010376e-05
21.98 6.441968929842401e-05
21.990000000000002 6.956175112983782e-05
22.0 7.499276446124974e-05
22.01 8.070273904266366e-05
22.02 8.683928662407543e-05
22.03 9.355824545548947e-05
22.04 0.00010090070778690099
22.05 0.00010871473611831515
22.06 0.00011668056819972654
22.07 0.0001244247540311407
22.080000000000002 0.00013158577661255468
22.09 0.00013778605519396635
22.1 0.00014265802102538002
22.11 0.0001460048093567923
22.12 0.00014792974518820562
22.13 0.00014876164276961845
22.14 0.0001488525826010315
22.150000000000002 0.0001484374976824444
22.16 0.00014759838876385754
22.17 0.00014625137934527028
22.18 0.00014413820117668372
22.19 0.00014089399350809622
22.2 0.0001362211008395102
22.21 0.00013008472817092233
22.22 0.00012278927950233685
22.23 0.00011486491915874875
22.240000000000002 0.00010686557171516063
22.25 9.927804559657523e-05
22.26 9.26076042279873e-05
22.27 8.745238485940134e-05
22.28 8.434557799081387e-05
22.29 8.343685612222703e-05
22.3 8.433694675364006e-05
22.31 8.62972558850526e-05
22.32 8.853987251646582e-05
22.330000000000002 9.047117439787893e-05
22.34 9.173453952929154e-05
22.35 9.221413116070448e-05
22.36 9.202907254211738e-05
22.37 9.145898037353019e-05
22.38 9.079664885494321e-05
22.39 9.0216648286356e-05
22.400000000000002 8.971785171776882e-05
22.41 8.911254239918187e-05
22.42 8.804089883059459e-05
22.43 8.604640376200795e-05
22.44 8.27288261934204e-05
22.45 7.790755612483435e-05
22.46 7.168385355624642e-05
22.47 6.435278473766092e-05
22.48 5.6247036169072734e-05
22.490000000000002 4.76552678504844e-05
22.5 3.884881770689913e-05
22.51 3.009310191331077e-05
22.52 2.1553443294725463e-05
22.53 1.320877830113714e-05
22.54 4.935693632551776e-06
22.55 -3.295940261036516e-06
22.56 -1.132707532962195e-05
22.57 -1.8866169398210142e-05
22.580000000000002 -2.555787646679807e-05
22.59 -3.0998675535383936e-05
22.6 -3.480038210397148e-05
22.61 -3.675458867255809e-05
22.62 -3.6964820241145174e-05
22.63 -3.5787023309732455e-05
22.64 -3.362225212831922e-05
22.650000000000002 -3.078747419690577e-05
22.66 -2.759139921549338e-05
22.67 -2.4435839384079898e-05
22.68 -2.167790275266743e-05
22.69 -1.935042537125402e-05
22.7 -1.7154709239841446e-05
22.71 -1.4828207608428063e-05
22.72 -1.2452079227015492e-05
22.73 -1.0370322345602153e-05
22.740000000000002 -8.963012964189023e-06
22.75 -8.596212332776131e-06
22.76 -9.62892920136333e-06
22.77 -1.2262908569949801e-05
22.78 -1.6399207938537388e-05
22.79 -2.174076405712327e-05
22.8 -2.7998692175711156e-05
22.81 -3.493233454429669e-05
22.82 -4.226949081288471e-05
22.830000000000002 -4.9707634381472765e-05
22.84 -5.697882160005823e-05
22.85 -6.38406245686462e-05
22.86 -7.001393328723192e-05
22.87 -7.518823825581967e-05
22.88 -7.911098322440587e-05
22.89 -8.167895569299329e-05
22.900000000000002 -8.29663081615803e-05
22.91 -8.317812913016707e-05
22.92 -8.256804384875382e-05
22.93 -8.13834260673409e-05
22.94 -7.986440548592754e-05
22.95 -7.826007230451471e-05
22.96 -7.682207207310136e-05
22.97 -7.57834790916884e-05
22.98 -7.535394686027519e-05
22.990000000000002 -7.574133837886222e-05
23.0 -7.718135964744886e-05
23.01 -7.993878841603621e-05
23.02 -8.424527718462222e-05
23.03 -9.018650345321e-05
23.04 -9.762622972179534e-05
23.05 -0.00010625766474038346
23.06 -0.00011575279125896835
23.07 -0.00012585653727755668
23.080000000000002 -0.00013631934844614513
23.09 -0.0001467726081647299
23.1 -0.00015675934203331827
23.11 -0.0001659376559019033
23.12 -0.00017422037652049146
23.13 -0.00018169188738907684
23.14 -0.00018844060000766481
23.150000000000002 -0.00019450651762625257
23.16 -0.0001999289704948383
23.17 -0.00020476684186342587
23.18 -0.00020907247348201185
23.19 -0.0002128782538505993
23.2 -0.0002161931917191855
23.21 -0.0002189769620877728
23.22 -0.00022112337920635926
23.23 -0.00022249530357494637
23.240000000000002 -0.0002229721484435332
23.25 -0.0002224483005621201
23.26 -0.00022079662943070663
23.27 -0.00021786601829929404
23.28 -0.00021354781216788022
23.29 -0.00020786778103646823
23.3 -0.00020101747915505407
23.31 -0.00019329161052364252
23.32 -0.0001850004671422282
23.330000000000002 -0.00017643891296081375
23.34 -0.00016790149292940232
23.35 -0.00015968758709798795
23.36 -0.00015209518626657631
23.37 -0.00014542616618516213
23.38 -0.00013997238485375003
23.39 -0.0001359508260223362
23.400000000000002 -0.00013343877969092285
23.41 -0.00013237559335951008
23.42 -0.00013260937952809708
23.43 -0.00013393196544668378
23.44 -0.00013610447911527107
23.45 -0.00013889378153385745
23.46 -0.00014208990270244486
23.47 -0.0001454820135210311
23.48 -0.00014883633638961854
23.490000000000002 -0.0001519155679082059
23.5 -0.00015451320742679227
23.51 -0.00015647225669537947
23.52 -0.00015770551996396615
23.53 -0.00015822292148255318
23.54 -0.00015812653700114014
23.55 -0.00015756254776972702
23.56 -0.00015668334503831415
23.57 -0.00015564595330940095
23.580000000000002 -0.00015458939406048775
23.59 -0.00015355126431407492
23.6 -0.0001523961153926617
23.61 -0.00015085728702124898
23.62 -0.00014868488289983563
23.63 -0.0001457897847784232
23.64 -0.00014228443915700968
23.650000000000002 -0.00013841216238559605
23.66 -0.00013444407356418377
23.67 -0.00013063601959277014
23.68 -0.00012725928812135775
23.69 -0.0001246186308999443
23.7 -0.00012297284967853153
23.71 -0.00012240086370711832
23.72 -0.00012275177723570515
23.73 -0.00012373272926429214
23.740000000000002 -0.00012502911881787923
23.75 -0.00012634648692146587
23.76 -0.00012740131205005292
23.77 -0.00012795362467863972
23.78 -0.00012789069230722665
23.79 -0.0001272795714358137
23.8 -0.00012632477811440053
23.81 -0.0001252508950679877
23.82 -0.00012418460564657448
23.830000000000002 -0.00012310931260016127
23.84 -0.00012192434077874846
23.85 -0.00012056841045733521
23.86 -0.00011911250346092245
23.87 -0.00011776545736450922
23.88 -0.00011682842259309634
23.89 -0.00011665104157168326
23.900000000000002 -0.00011757892855027053
23.91 -0.00011986804802885716
23.92 -0.00012360318750744478
23.93 -0.0001286777844860308
23.94 -0.00013483545196461876
23.95 -0.0001417354789432044
23.96 -0.0001490144151967925
23.97 -0.00015631650750037802
23.98 -0.00016327287807896607
23.990000000000002 -0.0001694819996575539
24.0 -0.00017458680473613977
24.01 -0.00017842485231472728
24.02 -0.0001810875473933137
24.03 -0.00018280929022190093
24.04 -0.0001838146865504877
24.05 -0.00018425834312907476
24.060000000000002 -0.00018422343545766167
24.07 -0.0001837038960362487
24.080000000000002 -0.0001826023138648355
24.09 -0.00018078594219342282
24.1 -0.0001781379902720094
24.11 -0.0001745449951005971
24.12 -0.0001698812021791834
24.13 -0.0001640626092577716
24.14 -0.0001571231265863576
24.150000000000002 -0.00014922768266494328
24.16 -0.0001406297234935319
24.17 -0.00013163340502211744
24.18 -0.00012257847895070617
24.19 -0.00011382382082929174
24.2 -0.00010570603595788026
24.21 -9.846461508646604e-05
24.22 -9.215580571505418e-05
24.23 -8.661857409364016e-05
24.240000000000002 -8.154713272222629e-05
24.25 -7.66452881258142e-05
24.26 -7.176701732940037e-05
24.27 -6.696036505798826e-05
24.28 -6.240162428657448e-05
24.29 -5.826916951516221e-05
24.3 -5.462932574374854e-05
24.310000000000002 -5.1382191222334994e-05
24.32 -4.8270911950922604e-05
24.330000000000002 -4.4948687429509045e-05
24.34 -4.11126646580968e-05
24.35 -3.6671900386683114e-05
24.36 -3.1834528665271066e-05
24.37 -2.701733279385734e-05
24.38 -2.2627839722445203e-05
24.39 -1.88759069010316e-05
24.400000000000002 -1.5722884329618183e-05
24.41 -1.2958822508205825e-05
24.42 -1.0334202386792482e-05
24.43 -7.67273841538009e-06
24.44 -4.922711618966741e-06
24.45 -2.155979772554361e-06
24.46 4.4860284885895874e-07
24.47 2.643514220271468e-06
24.48 4.211893841684657e-06
24.490000000000002 5.092535713097631e-06
24.5 5.419728834510394e-06
24.51 5.448941733423259e-06
24.52 5.47070068733609e-06
24.53 5.777744168748992e-06
24.54 6.61885565016165e-06
24.55 8.09442863157469e-06
24.560000000000002 1.0091580612987895e-05
24.57 1.2354144469400358e-05
24.580000000000002 1.4617609075813603e-05
24.59 1.6674790057226106e-05
24.6 1.8353953788639274e-05
24.61 1.949069177005198e-05
24.62 1.9944158251464986e-05
24.63 1.9641183232878e-05
24.64 1.8608467964290818e-05
24.650000000000002 1.696014169570344e-05
24.66 1.4841674427116737e-05
24.67 1.2379388408529246e-05
24.68 9.681355639942674e-06
24.69 6.866616796355138e-06
24.7 4.068577802768586e-06
24.71 1.4134192341810698e-06
24.72 -9.837628344055698e-07
24.73 -3.0019256529929986e-06
24.740000000000002 -4.519883471580271e-06
24.75 -5.4710055401671314e-06
24.76 -5.920946608754275e-06
24.77 -6.10330020234129e-06
24.78 -6.355866845928411e-06
24.79 -6.97757701451534e-06
24.8 -8.10436993310256e-06
24.810000000000002 -9.671124101689919e-06
24.82 -1.1437477270276705e-05
24.830000000000002 -1.3057100938864066e-05
24.84 -1.4216759107450975e-05
24.85 -1.480450252603822e-05
24.86 -1.4965067194625328e-05
24.87 -1.4991397113212503e-05
24.88 -1.5197878281799602e-05
24.89 -1.590023520038687e-05
24.900000000000002 -1.7420549618974396e-05
24.91 -2.000247128756113e-05
24.92 -2.370129295614893e-05
24.93 -2.837255887473522e-05
24.94 -3.3741341043323235e-05
24.95 -3.94664617119093e-05
24.96 -4.5197805880497366e-05
24.97 -5.0654557549083474e-05
24.98 -5.568339321767146e-05
24.990000000000002 -6.0259584886259305e-05
25.0 -6.44672568048456e-05
25.01 -6.847729617343337e-05
25.02 -7.24793451920197e-05
25.03 -7.657145528560747e-05
25.04 -8.06910676291938e-05
25.05 -8.462322784778153e-05
25.060000000000002 -8.80314978163691e-05
25.07 -9.04910037849557e-05
25.080000000000002 -9.158102275354298e-05
25.09 -9.104471922213022e-05
25.1 -8.890403819071708e-05
25.11 -8.542565690930496e-05
25.12 -8.097958787789151e-05
25.13 -7.592937609647974e-05
25.14 -7.063265931506618e-05
25.150000000000002 -6.548137853365266e-05
25.16 -6.084114800224083e-05
25.17 -5.687190272082744e-05
25.18 -5.3401503864415387e-05
25.19 -5.001508460800206e-05
25.2 -4.630173877659005e-05
25.21 -4.205695319517664e-05
25.22 -3.7325062863764825e-05
25.23 -3.231668604235132e-05
25.240000000000002 -2.7282533490937805e-05
25.25 -2.2402778449526035e-05
25.26 -1.7732021658112558e-05
25.27 -1.3200103091700721e-05
25.28 -8.630459975287248e-06
25.29 -3.7772098338754852e-06
25.3 1.5721108075380824e-06
25.310000000000002 7.45992419895182e-06
25.32 1.3715574865363408e-05
25.330000000000002 2.00463830817772e-05
25.34 2.6139553823188825e-05
25.35 3.167833031460251e-05
25.36 3.6340744306014447e-05
25.37 3.987115229742787e-05
25.38 4.217432528884031e-05
25.39 4.332964578025343e-05
25.400000000000002 4.353033677166624e-05
25.41 4.302766851307912e-05
25.42 4.210718150449179e-05
25.43 4.106142149590479e-05
25.44 4.014420798731745e-05
25.45 3.9527841728730366e-05
25.46 3.927385197014311e-05
25.47 3.931431021155589e-05
25.48 3.9456642702968675e-05
25.490000000000002 3.942844694438141e-05
25.5 3.8950620935794276e-05
25.51 3.781249092720687e-05
25.52 3.5929463418620035e-05
25.53 3.336000316003245e-05
25.54 3.0264204901445874e-05
25.55 2.683499589285817e-05
25.560000000000002 2.3264916759270422e-05
25.57 1.975451037568391e-05
25.580000000000002 1.6509003617096203e-05
25.59 1.3717527108509534e-05
25.6 1.1568567099921979e-05
25.61 1.0281327091334976e-05
25.62 1.004439058274767e-05
25.63 1.085857632416023e-05
25.64 1.2450597065573146e-05
25.650000000000002 1.4367500306986164e-05
25.66 1.615123679839857e-05
25.67 1.7454121039811518e-05
25.68 1.8094997281224158e-05
25.69 1.8095289022636948e-05
25.7 1.7644012764049816e-05
25.71 1.695487500546251e-05
25.72 1.6119695496875477e-05
25.73 1.5091507988288114e-05
25.740000000000002 1.3787768229700664e-05
25.75 1.2194490221113739e-05
25.76 1.039282743752623e-05
25.77 8.523242078939362e-06
25.78 6.741553645351856e-06
25.79 5.1990826867649165e-06
25.8 4.0391422281774935e-06
25.810000000000002 3.3913987695902303e-06
25.82 3.3710718110030495e-06
25.830000000000002 4.095343852415973e-06
25.84 5.6882196438284366e-06
25.85 8.232769935241598e-06
25.86 1.1695536976653664e-05
25.87 1.589661126806704e-05
25.88 2.054685155947885e-05
25.89 2.5305060100892297e-05
25.900000000000002 2.9817682892305667e-05
25.91 3.374580418371759e-05
25.92 3.678726572513077e-05
25.93 3.869737101654313e-05
25.94 3.932562130795599e-05
25.95 3.86613890993689e-05
25.96 3.682977714078144e-05
25.97 3.401325343219483e-05
25.98 3.0378340973607116e-05
25.990000000000002 2.6081634265019202e-05
26.0 2.13079990564329e-05
26.01 1.6262539597844882e-05
26.02 1.1137358214258659e-05
26.03 6.108961730670643e-06
26.04 1.3490350720843402e-06
26.05 -2.9790738365035818e-06
26.060000000000002 -6.7063199950913155e-06
26.07 -9.63541590367792e-06
26.080000000000002 -1.1601437812265424e-05
26.09 -1.260969322085243e-05
26.1 -1.2886058379439724e-05
26.11 -1.2771678888026973e-05
26.12 -1.2618504596614208e-05
26.13 -1.2786889405201393e-05
26.14 -1.3614911713788753e-05
26.150000000000002 -1.5274055522376373e-05
26.16 -1.7673465080963262e-05
26.17 -2.054825988955104e-05
26.18 -2.360229994813778e-05
26.19 -2.655292850672557e-05
26.2 -2.9148034565312407e-05
26.21 -3.12528203739001e-05
26.22 -3.2911585682487125e-05
26.23 -3.4279455491074717e-05
26.240000000000002 -3.551615418216227e-05
26.25 -3.676489963824936e-05
26.26 -3.816712497683694e-05
26.27 -3.9814182315423956e-05
26.28 -4.1667581229011575e-05
26.29 -4.353267479259856e-05
26.3 -4.508847243118613e-05
26.310000000000002 -4.593174931977348e-05
26.32 -4.562076145836082e-05
26.330000000000002 -4.3716836096947806e-05
26.34 -3.982541823553593e-05
26.35 -3.365777287412235e-05
26.36 -2.511241001271148e-05
26.37 -1.431526215129729e-05
26.38 -1.5682142898873358e-06
26.39 1.2755008571527327e-05
26.400000000000002 2.8281190932942365e-05
26.41 4.464654554435174e-05
26.42 6.147756130576694e-05
26.43 7.838989211717619e-05
26.44 9.501118632859138e-05
26.45 0.00011098752379000083
26.46 0.0001259470965014158
26.47 0.0001394816629628258
26.48 0.00015123824192424034
26.490000000000002 0.00016108483338565427
26.5 0.00016918298734706506
26.51 0.00017588928180847858
26.52 0.00018160891576988992
26.53 0.00018673658073130322
26.54 0.00019165328219271471
26.55 0.000196680247404128
26.560000000000002 0.00020199398286554137
26.57 0.0002075837853269528
26.580000000000002 0.00021328217303836624
26.59 0.00021883010649977768
26.6 0.00022394227796119102
26.61 0.0002283711039226027
26.62 0.00023196688613401584
26.63 0.00023470919859542788
26.64 0.00023668675055684083
26.650000000000002 0.00023804158476825357
26.66 0.00023892696047966592
26.67 0.00023949837269107856
26.68 0.00023989688867749102
26.69 0.00024019682496390362
26.7 0.00024036758752531614
26.71 0.00024030573133672868
26.72 0.00023990556414814132
26.73 0.00023910004370955376
26.740000000000002 0.00023786636527096605
26.75 0.00023623034633237888
26.76 0.0002342669651437911
26.77 0.00023207737370520404
26.78 0.00022976182829161621
26.79 0.0002274165588780292
26.8 0.00022512619838944138
26.810000000000002 0.00022296058500279232
26.82 0.00022100275061976798
26.830000000000002 0.00021935564011691357
26.84 0.00021811432019062566
26.85 0.00021731972868935332
26.86 0.0002169254816389258
26.87 0.00021682558970021425
26.88 0.00021691466611962264
26.89 0.00021711572461455565
26.900000000000002 0.00021736452799317932
26.91 0.00021759037027333652
26.92 0.00021771240288201202
26.93 0.0002176385723011546
26.94 0.00021726752552153438
26.95 0.00021650243917167782
26.96 0.00021525846211114304
26.97 0.0002134489022627386
26.98 0.0002109786812192949
26.990000000000002 0.0002077624517971998
27.0 0.00020372986654915824
27.01 0.00019880928692521445
27.02 0.00019295459110911262
27.03 0.00018622401398180866
27.04 0.00017880425099799373
27.05 0.00017093610001602514
27.060000000000002 0.00016285788997140324
27.07 0.00015482836952174754
27.080000000000002 0.00014710604341046385
27.09 0.00013982244564967076
27.1 0.00013291188017323601
27.11 0.00012621036285487218
27.12 0.0001195710124933405
27.13 0.00011285483269687025
27.14 0.00010591715003213318
27.150000000000002 9.87090953552347e-05
27.16 9.135454943850012e-05
27.17 8.406475345341338e-05
27.18 7.70240467589897e-05
27.19 7.039913552191497e-05
27.2 6.43719276084281e-05
27.21 5.90695854151675e-05
27.22 5.448585709250816e-05
27.23 5.050244263951621e-05
27.240000000000002 4.693123500894879e-05
27.25 4.3516394883722246e-05
27.26 4.000040039052543e-05
27.27 3.627840609117371e-05
27.28 3.246042193578933e-05
27.29 2.8756869880039857e-05
27.3 2.5358860732356205e-05
27.310000000000002 2.2435812855829e-05
27.32 2.0136755321716537e-05
27.330000000000002 1.8508081646849647e-05
27.34 1.7443726916398794e-05
27.35 1.675535878151658e-05
27.36 1.6257507434465286e-05
27.37 1.577312485685909e-05
27.38 1.5130584398145306e-05
27.39 1.4222409328627908e-05
27.400000000000002 1.3054622833182028e-05
27.41 1.1708186655797877e-05
27.42 1.0259338715686652e-05
27.43 8.741535576963531e-06
27.44 7.150718872034304e-06
27.45 5.449763722479407e-06
27.46 3.563107905548897e-06
27.47 1.3896966588198105e-06
27.48 -1.1478267925234651e-06
27.490000000000002 -4.042631649944243e-06
27.5 -7.185873888729492e-06
27.51 -1.041174762457554e-05
27.52 -1.3556665984162082e-05
27.53 -1.6479770996865018e-05
27.54 -1.906101803669148e-05
27.55 -2.122288165284188e-05
27.560000000000002 -2.2971009450560415e-05
27.57 -2.440894291109737e-05
27.580000000000002 -2.5707418913239312e-05
27.59 -2.704600073988133e-05
27.6 -2.855294957909359e-05
27.61 -3.026891388859903e-05
27.62 -3.2155352290999086e-05
27.63 -3.4137643262718023e-05
27.64 -3.6142919094173856e-05
27.650000000000002 -3.8109672582325484e-05
27.66 -3.998314544007624e-05
27.67 -4.1714154495244445e-05
27.68 -4.3259375387371734e-05
27.69 -4.4580096011479756e-05
27.7 -4.564935387748013e-05
27.71 -4.647156952612264e-05
27.72 -4.709713630009437e-05
27.73 -4.760872697568326e-05
27.740000000000002 -4.80791877423486e-05
27.75 -4.853042946025131e-05
27.76 -4.892631847519656e-05
27.77 -4.920315996565766e-05
27.78 -4.931068855776085e-05
27.79 -4.923599873886455e-05
27.8 -4.900251190422764e-05
27.810000000000002 -4.865021023177348e-05
27.82 -4.820855947088271e-05
27.830000000000002 -4.7677942607791e-05
27.84 -4.703411246747802e-05
27.85 -4.625387946646492e-05
27.86 -4.534022184514475e-05
27.87 -4.432580066491906e-05
27.88 -4.325686489045172e-05
27.89 -4.217702570772917e-05
27.900000000000002 -4.112322355900464e-05
27.91 -4.012682770756673e-05
27.92 -3.920774465209818e-05
27.93 -3.836428472839378e-05
27.94 -3.7572833689172797e-05
27.95 -3.680114262529594e-05
27.96 -3.602270008875753e-05
27.97 -3.5220884437018046e-05
27.98 -3.438557704477192e-05
27.990000000000002 -3.351101915851747e-05
28.0 -3.259752448191956e-05
28.01 -3.165351017980016e-05
28.02 -3.06951795463474e-05
28.03 -2.9744138328753605e-05
28.04 -2.8823651826185778e-05
28.05 -2.795398862840822e-05
28.060000000000002 -2.7148482038534297e-05
28.07 -2.641247546407467e-05
28.080000000000002 -2.5745554671055415e-05
28.09 -2.5145082100922893e-05
28.1 -2.4608579605272796e-05
28.11 -2.4134325557084058e-05
28.12 -2.3721197776835083e-05
28.13 -2.336854012550534e-05
28.14 -2.3075815044805574e-05
28.150000000000002 -2.284178985742193e-05
28.16 -2.2663691776595757e-05
28.17 -2.253687913278938e-05
28.18 -2.2455056365824678e-05
28.19 -2.2410729318890217e-05
28.2 -2.239570476178639e-05
