0.0 0.0
0.01 -2.703673628162416e-06
0.02 -7.119069317849538e-06
0.03 -1.1783259015746672e-05
0.04 -1.6966580756137177e-05
0.05 -2.5911590972725708e-05
0.06 -3.7598596041278604e-05
0.07 -4.001871720584458e-05
0.08 -1.9544759130762115e-05
0.09 2.1339697443959007e-05
0.1 6.4840849285062e-05
0.11 9.746538166292185e-05
0.12 0.00011979127613068863
0.13 0.00013646531895207336
0.14 0.00014843386618214406
0.15 0.00016000897881721245
0.16 0.00018179251818538152
0.17 0.00021715780300162612
0.18 0.00025436083547558403
0.19 0.00028229532569986384
0.2 0.000307216332562851
0.21 0.0003428661147015288
0.22 0.00038840872996505235
0.23 0.000426124285201449
0.24 0.00043761545948193484
0.25 0.00041436471849793207
0.26 0.00035842995268065816
0.27 0.00028519492213929234
0.28 0.00022432658900401012
0.29 0.00020429714376312937
0.3 0.0002260289538272915
0.31 0.00025331532634327987
0.32 0.00023544745289243906
0.33 0.00014647996832700927
0.34 9.804503124172129e-06
0.35000000000000003 -0.00011555911880224132
0.36 -0.0001789139185183522
0.37 -0.00016781944730971503
0.38 -9.626252410457316e-05
0.39 1.7245349713536533e-05
0.4 0.00014800852053289113
0.41000000000000003 0.00026231843080460563
0.42 0.0003376685528216296
0.43 0.0003752740898372531
0.44 0.00038291203288219036
0.45 0.0003665154374561706
0.46 0.0003484252292712756
0.47000000000000003 0.00036081265149563745
0.48 0.00039987395395219406
0.49 0.00042031129031970933
0.5 0.0004012211167888002
0.51 0.0003820078885832044
0.52 0.00040131293947374524
0.53 0.00043311733452487406
0.54 0.000417999287167707
0.55 0.0003335857358691453
0.56 0.00020533640659254503
0.5700000000000001 6.824097501308699e-05
0.58 -5.4396591166836064e-05
0.59 -0.00014631397710360735
0.6 -0.00019996820218928565
0.61 -0.0002270973077260943
0.62 -0.0002560489054130349
0.63 -0.0003112832294708053
0.64 -0.00039181296632237667
0.65 -0.00047107035380325647
0.66 -0.000524923177986458
0.67 -0.0005577563392441356
0.68 -0.000591611864212895
0.6900000000000001 -0.0006338408506562307
0.7000000000000001 -0.0006669162222832768
0.71 -0.0006639573494822784
0.72 -0.0006012198598081949
0.73 -0.0004657038115163035
0.74 -0.0002718061722020538
0.75 -6.684502284220301e-05
0.76 9.962248271720711e-05
0.77 0.0002115210257470725
0.78 0.0002832337359873115
0.79 0.0003332340538448741
0.8 0.0003723766068354165
0.81 0.0004048096550000551
0.8200000000000001 0.0004251164429392379
0.8300000000000001 0.0004232583308235111
0.84 0.0004033173744444265
0.85 0.0003866394202227498
0.86 0.00038526997802551126
0.87 0.00038404107434443686
0.88 0.00035977387988470923
0.89 0.00030500355875973757
0.9 0.00022223591117722285
0.91 0.00011092809132687665
0.92 -2.361204693108241e-05
0.93 -0.00015914054264116578
0.9400000000000001 -0.0002713825718669729
0.9500000000000001 -0.00035450858373214163
0.96 -0.0004147732787224342
0.97 -0.0004521639932237822
0.98 -0.0004619578975765555
0.99 -0.0004462499595565346
1.0 -0.00040853941864040535
1.01 -0.00034476632225644086
1.02 -0.00025517676615785013
1.03 -0.00015843134722851021
1.04 -8.055666457713546e-05
1.05 -3.834120025689e-05
1.06 -4.2596760947189554e-05
1.07 -9.80143519219735e-05
1.08 -0.00018314673590646004
1.09 -0.00025030718181599836
1.1 -0.00026494823170812885
1.11 -0.00022602214226161824
1.12 -0.00013454699272880306
1.1300000000000001 2.150325911120122e-05
1.1400000000000001 0.0002251734845046788
1.1500000000000001 0.000409429937411238
1.16 0.0005116756998281693
1.17 0.0005198921543117289
1.18 0.0004399074322616393
1.19 0.00026171114196830276
1.2 -2.0974816588477927e-06
1.21 -0.0002827157619511443
1.22 -0.0005070427055059727
1.23 -0.0006581504540754844
1.24 -0.0007517158320433075
1.25 -0.0007865346802054355
1.26 -0.0007561493404384699
1.27 -0.0006827458767521253
1.28 -0.0006040992645921166
1.29 -0.0005453225025469205
1.3 -0.000523748632659311
1.31 -0.0005546006448998728
1.32 -0.0006275160894609331
1.33 -0.0006989938592227174
1.34 -0.0007290525419774515
1.35 -0.0007083171709255677
1.36 -0.0006396596592537602
1.37 -0.000520514891308853
1.3800000000000001 -0.0003603431040432578
1.3900000000000001 -0.00019411856382112956
1.4000000000000001 -5.828570675867723e-05
1.41 3.638544324132075e-05
1.42 9.747824324132081e-05
1.43 0.00012799104324132083
1.44 0.00012171124324132083
1.45 7.606609324132079e-05
1.46 1.6871432413207273e-06
1.47 -7.988565675867934e-05
1.48 -0.0001472214567586794
1.49 -0.00019027245675867942
1.5 -0.00021214575675867944
1.51 -0.00021936439675867945
1.52 -0.00021163733675867946
1.53 -0.00018415518675867943
1.54 -0.0001384453867586794
1.55 -8.664763675867937e-05
1.56 -4.5263986758679334e-05
1.57 -2.7861321758679318e-05
1.58 -4.071440675867933e-05
1.59 -7.678970675867936e-05
1.6 -0.00011170130675867939
1.61 -0.0001140542067586794
1.62 -6.811465675867935e-05
1.6300000000000001 1.4564993241320725e-05
1.6400000000000001 0.0001071416932413208
1.6500000000000001 0.0001850367432413209
1.6600000000000001 0.00023163694324132092
1.67 0.00024057636824132073
1.68 0.0002230635432413207
1.69 0.00020652347324132068
1.7 0.00021571460324132068
1.71 0.0002577316532413207
1.72 0.0003303556532413208
1.73 0.0004353538532413209
1.74 0.000571482853241321
1.75 0.0007184113532413211
1.76 0.0008395588532413213
1.77 0.0009013019032413213
1.78 0.0008840079532413213
1.79 0.0007810394532413212
1.8 0.000601365953241321
1.81 0.0003764484532413208
1.82 0.00015445345324132062
1.83 -2.0379046758679532e-05
1.84 -0.00012829374675867963
1.85 -0.00018171654675867968
1.86 -0.00021438334675867972
1.87 -0.00025336049675867976
1.8800000000000001 -0.0002941872967586798
1.8900000000000001 -0.0003084777217586798
1.9000000000000001 -0.0002763667967586798
1.9100000000000001 -0.00019851499675867975
1.92 -7.547019675868238e-05
1.93 9.909430324131775e-05
1.94 0.00031143480324131794
1.95 0.0005158173032413181
1.96 0.0006673538032413183
1.97 0.0007518501032413184
1.98 0.0007716647532413184
1.99 0.0007249573532413184
2.0 0.0006191496032413183
2.0100000000000002 0.0004881411032413152
2.02 0.0003723502532413177
2.0300000000000002 0.00028744275324131573
2.04 0.00022480395324131708
2.05 0.0001723543032413182
2.06 0.00012128545324131701
2.07 5.944595324131833e-05
2.08 -2.7375196758683688e-05
2.09 -0.00014568369675868115
2.1 -0.00029013669675868447
2.11 -0.0004475186967586811
2.12 -0.0006006481967586847
2.13 -0.000729365196758682
2.14 -0.000814432946758684
2.15 -0.0008479829217586832
2.16 -0.0008429921467586831
2.17 -0.0008276712467586835
2.18 -0.0008234098817586833
2.19 -0.0008263727067586833
2.2 -0.0008109812467586829
2.21 -0.0007489798967586842
2.22 -0.0006238237967586813
2.23 -0.00043209929675868536
2.24 -0.00018117979675867955
2.25 0.00010624620324131435
2.2600000000000002 0.00038923720324132087
2.27 0.0006229357032413159
2.2800000000000002 0.0007817312032413195
2.29 0.0008620124032413178
2.3000000000000003 0.0008622721532413178
2.31 0.0007785047032413196
2.32 0.0006283542032413229
2.33 0.00046129220324131904
2.34 0.00032541370324132193
2.35 0.00023415415324131984
2.36 0.00017869800324132103
2.37 0.00015746180324132053
2.38 0.00017435995324132018
2.39 0.0002185215532413212
2.4 0.00026634805324132017
2.41 0.00030022435324132094
2.42 0.00031302037824132065
2.43 0.00030045460324132036
2.44 0.0002621882032413212
2.45 0.00020745445324131992
2.46 0.00014997415324132115
2.47 0.00010025185324132
2.48 6.77179032413207e-05
2.49 6.131645824132056e-05
2.5 7.719836324132022e-05
2.5100000000000002 9.176797324132056e-05
2.52 7.866303324132084e-05
2.5300000000000002 3.145143324131975e-05
2.54 -3.522396675867882e-05
2.5500000000000003 -0.00010050286675868033
2.56 -0.00014781436675867933
2.57 -0.00016898644675867886
2.58 -0.0001661900767586788
2.59 -0.00014383452675867926
2.6 -9.39374767586781e-05
2.61 -3.0000767586800515e-06
2.62 0.00011791142324132274
2.63 0.00022642897324132044
2.64 0.0002850604732413218
2.65 0.0002869095732413218
2.66 0.00023486512324132059
2.67 0.00012332602324132297
2.68 -3.760347675868075e-05
2.69 -0.0002038094767586772
2.7 -0.0003303343267586801
2.71 -0.0004065776767586785
2.72 -0.00043968652675867927
2.73 -0.0004273364767586795
2.74 -0.00037194117675867826
2.75 -0.0003004399767586798
2.7600000000000002 -0.00024240107675867846
2.77 -0.0002030648267586793
2.7800000000000002 -0.00017639092675867868
2.79 -0.00016513628175867891
2.8000000000000003 -0.000168984126758679
2.81 -0.00016960602675867897
2.82 -0.00014309693675867952
2.83 -7.25708367586779e-05
2.84 5.894451324131929e-05
2.85 0.00026447351324132405
2.86 0.0005265360132413184
2.87 0.0007911380132413245
2.88 0.00100451501324132
2.89 0.0011471750132413232
2.9 0.0012251640632413216
2.91 0.001243914763241322
2.92 0.0012055689632413228
2.93 0.001126835763241321
2.94 0.0010453793632413226
2.95 0.0009991928132413216
2.96 0.0009953998632413216
2.97 0.0010034745782413219
2.98 0.0009860491932413222
2.99 0.0009340311432413209
3.0 0.0008670807932413223
3.0100000000000002 0.0008062624432413209
3.02 0.000755767143241322
3.0300000000000002 0.0007063215932413209
3.04 0.0006431673932413221
3.0500000000000003 0.00055057684324132
3.06 0.0004210518432413228
3.0700000000000003 0.0002649333432413192
3.08 0.00010525134324132257
3.09 -3.678915675867439e-05
3.1 -0.00014825580675867698
3.11 -0.0002230353567586754
3.12 -0.0002618481067586763
3.13 -0.0002700856067586761
3.14 -0.00024905070675867563
3.15 -0.0001938759567586768
3.16 -0.00010569225675867478
3.17 -7.547567586770173e-07
3.18 9.779584324132524e-05
3.19 0.0001708121932413237
3.2 0.00020269651324132443
3.21 0.00018359693324132483
3.22 0.00012329273324132345
3.23 5.379568324132492e-05
3.24 5.2118832413238034e-06
3.25 -1.6158031758675744e-05
3.2600000000000002 -2.0188471758675836e-05
3.27 -1.6586706758675913e-05
3.2800000000000002 -1.6175796758675902e-05
3.29 -3.51197767586755e-05
3.3000000000000003 -8.398877675867662e-05
3.31 -0.00016143697675867496
3.3200000000000003 -0.00026830497675867744
3.33 -0.0004127579767586744
3.34 -0.0005859869767586707
3.35 -0.0007464484767586745
3.36 -0.0008472451267586723
3.37 -0.0008718426767586728
3.38 -0.0008326030767586736
3.39 -0.0007503407767586718
3.4 -0.0006507109767586739
3.41 -0.000566082376758672
3.42 -0.000520075526758673
3.43 -0.0005144057267586729
3.44 -0.0005397517267586723
3.45 -0.0005874148267586734
3.46 -0.0006417199767586722
3.47 -0.000677731576758673
3.48 -0.000680074876758673
3.49 -0.0006511762767586722
3.5 -0.0005930935267586735
3.5100000000000002 -0.0005004196767586713
3.52 -0.00038229367675867386
3.5300000000000002 -0.0002724402267586713
3.54 -0.00020272927675867277
3.5500000000000003 -0.00018096420125867228
3.56 -0.00020431207575867177
3.5700000000000003 -0.00027467697575867336
3.58 -0.00038422642575867104
3.59 -0.0004996539257586686
3.6 -0.0005802952257586704
3.61 -0.0006102228757586698
3.62 -0.0006060982757586697
3.63 -0.0005994972387586699
3.64 -0.0006171075017586703
3.65 -0.0006713285517586691
3.66 -0.0007588097517586712
3.67 -0.000863337751758669
3.68 -0.0009625783017586714
3.69 -0.0010366320517586698
3.7 -0.0010741358017586707
3.71 -0.0010718402017586707
3.72 -0.0010285496517586697
3.73 -0.0009444077517586716
3.74 -0.000832591251758669
3.75 -0.0007279213017586712
3.7600000000000002 -0.0006713441017586699
3.77 -0.0006795445517586697
3.7800000000000002 -0.0007315746517586709
3.79 -0.0007855745517586698
3.8000000000000003 -0.0008066630167586703
3.81 -0.0007807963317586708
3.8200000000000003 -0.0007112067817586692
3.83 -0.0006105878817586714
3.84 -0.0004963313817586739
3.85 -0.0003862298817586713
3.86 -0.0002926363817586733
3.87 -0.0002187798317586716
3.88 -0.00016110688175867283
3.89 -0.0001163488317586718
3.9 -8.633968175867244e-05
3.91 -7.532356325867219e-05
3.92 -8.3933094758672e-05
3.93 -0.00010882404475867259
3.94 -0.00014893499475867174
3.95 -0.00020636399475867307
3.96 -0.0002762974947586716
3.97 -0.0003414074947586731
3.98 -0.0003843490947586722
3.99 -0.0004021972247586726
4.0 -0.0004005868047586726
4.01 -0.00037885200475867305
4.0200000000000005 -0.0003308848047586698
4.03 -0.0002563048047586714
4.04 -0.0001608275047586734
4.05 -5.128150475867575e-05
4.0600000000000005 6.04009952413318e-05
4.07 0.0001552559952413298
4.08 0.00021840994524132846
4.09 0.00024381295524132792
4.1 0.00022258051524132836
4.11 0.00014532401524132316
4.12 2.831151524132566e-05
4.13 -8.1260984758672e-05
4.14 -0.0001421636347586707
4.15 -0.00014549488475867092
4.16 -9.426188475867202e-05
4.17 1.5774215241325646e-05
4.18 0.00017362771524132226
4.19 0.00033366371524133306
4.2 0.0004450242152413307
4.21 0.0004910125152413297
4.22 0.0004873251152413298
4.23 0.0004576015652413278
4.24 0.0004231717652413285
4.25 0.000399246315241329
4.26 0.00038232141524132936
4.2700000000000005 0.0003504803652413272
4.28 0.0002906519152413285
4.29 0.00022001671524133
4.3 0.00017107521524133102
4.3100000000000005 0.00015973605024133025
4.32 0.00017193573524133
4.33 0.00017758673024132987
4.34 0.00015739632524133028
4.3500000000000005 0.00012029902524132778
4.36 9.732368024132826e-05
4.37 0.00011964688524132779
4.38 0.00020012228524132606
4.39 0.0003279092852413233
4.4 0.00047544328524133325
4.41 0.0006134687852413303
4.42 0.000725218685241328
4.43 0.0008071280852413262
4.44 0.0008573846852413296
4.45 0.0008723211852413292
4.46 0.0008581016852413295
4.47 0.00083741068524133
4.48 0.0008358808852413299
4.49 0.0008632031352413293
4.5 0.0009100026352413283
4.51 0.0009596238852413272
4.5200000000000005 0.0009980269352413299
4.53 0.0010116509402413295
4.54 0.00098294929524133
4.55 0.0009018664952413318
4.5600000000000005 0.0007878209952413241
4.57 0.0006886785452413262
4.58 0.0006456042402413272
4.59 0.0006643830852413267
4.6000000000000005 0.0007260393352413309
4.61 0.0008097160352413292
4.62 0.0008942551352413274
4.63 0.0009539311852413262
4.64 0.0009706723652413258
4.65 0.0009424095952413239
4.66 0.0008691493952413254
4.67 0.0007448990452413281
4.68 0.0005761890452413317
4.69 0.0003941310452413194
4.7 0.00023142754524132288
4.71 9.672554524132576e-05
4.72 -1.7602454758671812e-05
4.73 -0.00011343655475867829
4.74 -0.00018428515475867678
4.75 -0.00022726630475867587
4.76 -0.0002467272997586755
4.7700000000000005 -0.0002469129247586755
4.78 -0.00022545160475867596
4.79 -0.000177721204758677
4.8 -0.00011119930475867841
4.8100000000000005 -5.297160475867448e-05
4.82 -3.4902124758674866e-05
4.83 -6.850759475867415e-05
4.84 -0.00013555044475867272
4.8500000000000005 -0.00020089939475867712
4.86 -0.00023619919475867637
4.87 -0.00024093233475867628
4.88 -0.00024555212475867616
4.89 -0.00028329367475867537
4.9 -0.0003490599247586798
4.91 -0.00039569207475867885
4.92 -0.00038121197475867916
4.93 -0.00031058972475868065
4.94 -0.0002240832247586748
4.95 -0.00015950807475867618
4.96 -0.00013631616175867667
4.97 -0.00016192414875867612
4.98 -0.000234243898758681
4.99 -0.00033610409875867885
5.0 -0.00043827259875867667
5.01 -0.000514890498758675
5.0200000000000005 -0.0005554801487586778
5.03 -0.0005606049487586777
5.04 -0.0005289443987586784
5.05 -0.0004562202487586799
5.0600000000000005 -0.00035001369875867276
5.07 -0.00023770919875867516
5.08 -0.00015052514875867702
5.09 -0.00010206309875867805
5.1000000000000005 -8.585707375867696e-05
5.11 -8.560664375867696e-05
5.12 -8.064958875867707e-05
5.13 -5.013703875867772e-05
5.14 1.486651124132088e-05
5.15 0.00010195621124132676
5.16 0.000183828161241325
5.17 0.00023278176124132396
5.18 0.00022988241124132403
5.19 0.0001685973112413199
5.2 5.6352761241322275e-05
5.21 -8.631023875867467e-05
5.22 -0.00022967173875867162
5.23 -0.0003424998387586792
5.24 -0.00040317298875867794
5.25 -0.00040625803875867785
5.26 -0.00035896083875867885
5.2700000000000005 -0.0002778471887586734
5.28 -0.00019113263875867527
5.29 -0.0001321073387586765
5.3 -0.00011979003875867677
5.3100000000000005 -0.00015372798875867906
5.32 -0.00023300453875867735
5.33 -0.00036284353875867456
5.34 -0.000530605538758671
5.3500000000000005 -0.000693447538758682
5.36 -0.0008084163387586796
5.37 -0.0008627734387586784
5.38 -0.0008624741887586784
5.39 -0.0008086647387586795
5.4 -0.0007026938387586723
5.41 -0.0005626643387586753
5.42 -0.00041889733875867844
5.43 -0.00029823183875868104
5.44 -0.00021858728875867568
5.45 -0.00018795976375867633
5.46 -0.0001987244887586761
5.47 -0.00022782223875867548
5.48 -0.000250404938758677
5.49 -0.0002547283037586769
5.5 -0.0002463530187586771
5.51 -0.00024152905875867722
5.5200000000000005 -0.0002559087987586782
5.53 -0.00029946499875867726
5.54 -0.0003818004987586755
5.55 -0.0005117239987586727
5.5600000000000005 -0.0006817219987586842
5.57 -0.0008603974987586803
5.58 -0.0010107964987586772
5.59 -0.001109260998758675
5.6000000000000005 -0.0011415242037586773
5.61 -0.0010996244087586782
5.62 -0.0009987299087586804
5.63 -0.0008819219087586828
5.64 -0.0007886178587586847
5.65 -0.0007274880587586806
5.66 -0.0006921360587586814
5.67 -0.0006844794737586816
5.68 -0.0007019277387586812
5.69 -0.0007160642487586821
5.7 -0.0006891382587586827
5.71 -0.0006091058587586845
5.72 -0.0004957388587586869
5.73 -0.000378451358758679
5.74 -0.0002785540587586811
5.75 -0.00020493765875868267
5.76 -0.00015285605875868378
5.7700000000000005 -0.00010750040875868072
5.78 -5.531155875868184e-05
5.79 1.0923391241316752e-05
5.8 9.943564124131486e-05
5.8100000000000005 0.00021976264124132298
5.82 0.00036738214124131983
5.83 0.0005164191412413167
5.84 0.0006345569912413142
5.8500000000000005 0.0006971447912413184
5.86 0.0006843929912413187
5.87 0.0005825702412413209
5.88 0.00040074074124132474
5.89 0.00017709774124132955
5.9 -4.057975875868515e-05
5.91 -0.00021245675875868148
5.92 -0.0003052350587586795
5.93 -0.00029895805875867966
5.94 -0.0002123422587586738
5.95 -0.0001047299587586761
5.96 -3.269030875867763e-05
5.97 -1.2177788758678067e-05
5.98 -2.9947918758679267e-05
5.99 -7.280566875867835e-05
6.0 -0.0001317025187586771
6.01 -0.00019324601875867582
6.0200000000000005 -0.00024494356875867933
6.03 -0.0002829794187586785
6.04 -0.00030697121875867796
6.05 -0.0003148871167586778
6.0600000000000005 -0.0003095878547586774
6.07 -0.00030341912475867754
6.08 -0.00031072245475867737
6.09 -0.00033987740475867676
6.1000000000000005 -0.0003938746047586804
6.11 -0.0004731026047586787
6.12 -0.0005739560547586766
6.13 -0.0006838230547586742
6.140000000000001 -0.0007792683547586806
6.15 -0.0008350738547586794
6.16 -0.0008385745047586793
6.17 -0.0007896316547586804
6.18 -0.0006851258547586826
6.19 -0.0005188843547586714
6.2 -0.00030668935475867585
6.21 -9.661535475868034e-05
6.22 6.188664524131625e-05
6.23 0.00015066504524132224
6.24 0.0001749618252413217
6.25 0.00013891135524132247
6.26 4.591450524132445e-05
6.2700000000000005 -8.480049475868438e-05
6.28 -0.00021876849475868152
6.29 -0.0003231209947586793
6.3 -0.0003779584447586781
6.3100000000000005 -0.00037619144475867797
6.32 -0.0003187020447586792
6.33 -0.00020800159475868157
6.34 -4.26060947586851e-05
6.3500000000000005 0.00018003090524132994
6.36 0.00045245540524132416
6.37 0.0007491289052413178
6.38 0.001031556905241312
6.390000000000001 0.0012637534052413275
6.4 0.001425365405241324
6.41 0.0015104785552413223
6.42 0.0015152248052413223
6.43 0.001437011905241324
6.44 0.0012936269052413142
6.45 0.0011335034052413176
6.46 0.0010097037552413203
6.47 0.0009440208052413216
6.48 0.0009271746652413205
6.49 0.00095015607524132
6.5 0.0010212884252413185
6.51 0.0011485095252413158
6.5200000000000005 0.001313400025241327
6.53 0.0014690625252413237
6.54 0.0015665970752413215
6.55 0.001584525275241321
6.5600000000000005 0.0015302055752413174
6.57 0.00141223222524132
6.58 0.0012207222252413241
6.59 0.0009486547252413298
6.6000000000000005 0.0006281352252413082
6.61 0.00032667422524131464
6.62 0.00010231922524131946
6.63 -2.517467475867782e-05
6.640000000000001 -6.067308475868021e-05
6.65 -9.6363447586813e-06
6.66 0.00012869640524131574
6.67 0.0003569929052413109
6.68 0.000677649905241304
6.69 0.001089959405241332
6.7 0.0015801039052413214
6.71 0.00210458690524131
6.72 0.0025862929052413
6.73 0.0029426554052413238
6.74 0.00312787025524132
6.75 0.00313739835524132
6.76 0.0029666596052413236
6.7700000000000005 0.002601486605241299
6.78 0.00207922110524131
6.79 0.0015254771052413219
6.8 0.0010778091052413314
6.8100000000000005 0.0007821501052413114
6.82 0.0005919091052413155
6.83 0.00044309360524131863
6.84 0.00030043760524132166
6.8500000000000005 0.00016300810524131238
6.86 6.795315524131441e-05
6.87 7.141065524131434e-05
6.88 0.00019981360524131162
6.890000000000001 0.0004435841052413281
6.9 0.0008101076052413203
6.91 0.0013239546052413093
6.92 0.001939452105241296
6.93 0.002510214605241284
6.94 0.00289484810524131
6.95 0.0030521323552413064
6.96 0.0030000386052413076
6.97 0.002741731105241313
6.98 0.002285970605241282
6.99 0.0017060191052412944
7.0 0.0011258791052413068
7.01 0.0006579996052413167
7.0200000000000005 0.0003722261052412974
7.03 0.000296597555241299
7.04 0.00041407250524129653
7.05 0.0006622985052412913
7.0600000000000005 0.0009571000052413111
7.07 0.0012201320052413055
7.08 0.0013927100052413019
7.09 0.001439206355241301
7.1000000000000005 0.0013412447052412943
7.11 0.0010912372052412998
7.12 0.000705051705241308
7.13 0.00024625720524131775
7.140000000000001 -0.000180135794758711
7.15 -0.0004733792947587047
7.16 -0.0005849502947587024
7.17 -0.0005362982947587034
7.18 -0.00040099079475870627
7.19 -0.0002575462947586966
7.2 -0.0001366427947586992
7.21 -1.519379475870179e-05
7.22 0.00013196220524129505
7.23 0.00028946320524130567
7.24 0.000416179705241303
7.25 0.0004761237552413017
7.26 0.0004414256552413024
7.2700000000000005 0.0002960030052412926
7.28 6.313600524129759e-05
7.29 -0.00018602599475869708
7.3 -0.00037610549475869306
7.3100000000000005 -0.0004789737947587
7.32 -0.000521183944758699
7.33 -0.0005571646947586982
7.34 -0.0006400120947586965
7.3500000000000005 -0.0007935960947587069
7.36 -0.0009856490947587027
7.37 -0.0011274756447586997
7.38 -0.0011199801947586999
7.390000000000001 -0.0009211456947586864
7.4 -0.0005804481947586937
7.41 -0.00020704369475870165
7.42 0.0001050093052412917
7.43 0.0003229988052412871
7.44 0.000454961655241296
7.45 0.0005070929052412949
7.46 0.0004750088052412956
7.47 0.00035756230524129813
7.48 0.00015612730524128452
7.49 -0.0001313311947587094
7.5 -0.0004978991947587016
7.51 -0.0009118381947586928
7.5200000000000005 -0.0013247421947587207
7.53 -0.0016925541947587128
7.54 -0.0019863656947587066
7.55 -0.002194093194758702
7.5600000000000005 -0.0023175426447587105
7.57 -0.0023616651697587095
7.58 -0.00232442259475871
7.59 -0.002203443944758713
7.6000000000000005 -0.0020113864447587
7.61 -0.0017832669447587048
7.62 -0.0015736504447587093
7.63 -0.0014442626447587121
7.640000000000001 -0.0014397885447587119
7.65 -0.001569236244758709
7.66 -0.0018115272447587038
7.67 -0.002124097244758697
7.68 -0.0024394972447586904
7.69 -0.002680381744758707
7.7 -0.002801931844758704
7.71 -0.002802091294758704
7.72 -0.0026784391447587067
7.73 -0.002415951144758689
7.74 -0.0020440271447586967
7.75 -0.0016618296447587048
7.76 -0.001364875144758711
7.7700000000000005 -0.0011782386447586985
7.78 -0.0010906341447587005
7.79 -0.0011049238447587001
7.8 -0.0012090280447586978
7.8100000000000005 -0.0013380550447587066
7.82 -0.0014228698947587048
7.83 -0.0014583750947587042
7.84 -0.0014872216447587036
7.8500000000000005 -0.001538643744758707
7.86 -0.0016166626447587055
7.87 -0.001726397144758703
7.88 -0.0018764616447586998
7.890000000000001 -0.0020640366447587126
7.9 -0.002278098644758708
7.91 -0.002506926144758703
7.92 -0.002729773144758698
7.930000000000001 -0.002916206144758711
7.94 -0.003047015144758708
7.95 -0.0031231645447587068
7.96 -0.0031476119397587064
7.97 -0.003115185784758707
7.98 -0.003025259134758701
7.99 -0.002884731134758704
8.0 -0.002690933134758708
8.01 -0.0024340201347587136
8.02 -0.0021289001347587202
8.03 -0.0018252791347587267
8.040000000000001 -0.0015698246347586868
8.05 -0.001373977634758691
8.06 -0.001231910634758694
8.07 -0.0011459066347586958
8.08 -0.0011098599347586966
8.09 -0.001086337984758697
8.1 -0.0010309887347586982
8.11 -0.0009331212347587002
8.120000000000001 -0.0008123007347586813
8.13 -0.0006897362347586839
8.14 -0.000586989284758686
8.15 -0.0005373774347586871
8.16 -0.0005697859847586863
8.17 -0.0006865074347586839
8.18 -0.00086936343475868
8.19 -0.0010861094347586753
8.2 -0.0012778929347586712
8.21 -0.0013720455347586858
8.22 -0.0013299136347586866
8.23 -0.0011548756347586904
8.24 -0.000841100134758697
8.25 -0.00036781563475870715
8.26 0.0002225273652412803
8.27 0.0007917723652412682
8.28 0.0012029408652412593
8.290000000000001 0.0014157083652412926
8.3 0.0014506187652412919
8.31 0.001311580665241295
8.32 0.0009998006652413016
8.33 0.0005718341652413107
8.34 0.00012659866524132016
8.35 -0.0002533698347586717
8.36 -0.000521725334758666
8.370000000000001 -0.0006566089847586871
8.38 -0.000659304084758687
8.39 -0.0005433415347586895
8.4 -0.0003027475347586946
8.41 7.987746524129721e-05
8.42 0.0005752014652412867
8.43 0.0010919394652412757
8.44 0.001545832465241266
8.45 0.0019148949652412583
8.46 0.0022106904652413046
8.47 0.0024327709652413
8.48 0.0025738198652412968
8.49 0.0026384948152412954
8.5 0.0026296471152412954
8.51 0.002540202865241297
8.52 0.0023872108652413003
8.53 0.0022385118652413034
8.540000000000001 0.0021764146237412936
8.55 0.0022329458822412922
8.56 0.0023652498822412894
8.57 0.0024855482322412867
8.58 0.002518114932241286
8.59 0.0024474847822412876
8.6 0.00232435978224129
8.61 0.0022175715322412925
8.620000000000001 0.002149805482241282
8.63 0.0020839298822412835
8.64 0.001975503582241286
8.65 0.001826222082241289
8.66 0.0016786330822412922
8.67 0.0015709027822412946
8.68 0.001504784432241296
8.69 0.0014484200822412973
8.700000000000001 0.0013613087822412836
8.71 0.0012226777822412864
8.72 0.0010489477822412901
8.73 0.0008852212822412937
8.74 0.000771766782241296
8.75 0.0007191466822412971
8.76 0.0007161550322412972
8.77 0.0007455025322412966
8.78 0.0007817177322412958
8.790000000000001 0.0007911897322412973
8.8 0.0007526008822412981
8.81 0.0006674806822412999
8.82 0.0005387291822413027
8.83 0.0003579006822413066
8.84 0.0001324491822413114
8.85 -9.527131775868378e-05
8.86 -0.00028171381775867984
8.870000000000001 -0.0004179813177587012
8.88 -0.0005127126677586992
8.89 -0.0005630420177586981
8.9 -0.000564957367758698
8.91 -0.0005276137677586988
8.92 -0.00045303026775870035
8.93 -0.000328576217758703
8.94 -0.00016414021775870653
8.950000000000001 -9.396717758682353e-06
8.96 8.994243224131552e-05
8.97 0.00012535341724131477
8.98 9.756125224131537e-05
8.99 -2.9142477586825e-06
9.0 -0.00015766524775867922
9.01 -0.00029753374775867627
9.02 -0.0003525503717586751
9.03 -0.00030293289575867617
9.040000000000001 -0.00015946729575865373
9.05 7.478270424134129e-05
9.06 0.0003926187042413345
9.07 0.0007503152042413269
9.08 0.00107482470424132
9.09 0.0012985402042413152
9.1 0.0013782433067413135
9.11 0.001296667909241315
9.120000000000001 0.0010668999092412791
9.13 0.0007366184092412861
9.14 0.0003738844092412939
9.15 4.0125409241301016e-05
9.16 -0.0002282800907586933
9.17 -0.00041799909075868925
9.18 -0.000524131490758687
9.19 -0.0005455491907586865
9.200000000000001 -0.0005015986407586796
9.21 -0.0004471996907586808
9.22 -0.0004507686407586807
9.23 -0.0005444741907586787
9.24 -0.0007000336907586754
9.25 -0.000859233690758672
9.26 -0.0009826066907586695
9.27 -0.001060740890758668
9.28 -0.0010911105557586673
9.290000000000001 -0.001069111820758664
9.3 -0.0010056002207586652
9.31 -0.0009329561707586667
9.32 -0.0008820979707586678
9.33 -0.0008626542107586681
9.34 -0.000871891100758668
9.35 -0.0009093014007586672
9.36 -0.000965622450758666
9.370000000000001 -0.0010020877007586718
9.38 -0.0009623293007586727
9.39 -0.0008194700007586758
9.4 -0.0006079845007586803
9.41 -0.00039968050075868476
9.42 -0.000249352500758688
9.43 -0.0001736206507586896
9.44 -0.00017548165075868957
9.450000000000001 -0.0002587840007587026
9.46 -0.00040309850075869954
9.47 -0.0005469185007586964
9.48 -0.0006230994507586948
9.49 -0.0006073831507586951
9.5 -0.000519717400758697
9.51 -0.00038966290075869976
9.52 -0.00023938240075870295
9.53 -9.371090075870604e-05
9.540000000000001 1.8635649241311524e-05
9.55 8.424284924131013e-05
9.56 0.00011643124924130943
9.57 0.00014199339924130888
9.58 0.00018215574924130803
9.59 0.00024945669924130657
9.6 0.00035424719924130436
9.61 0.0005017936992413012
9.620000000000001 0.000678917199241329
9.63 0.0008498866992413253
9.64 0.0009754240492413226
9.65 0.0010379442992413212
9.66 0.0010429065992413212
9.67 0.0009977084492413222
9.68 0.0009040463992413242
9.69 0.0007805258992413268
9.700000000000001 0.0006786841492413109
9.71 0.0006506294492413115
9.72 0.0006925485492413106
9.73 0.0007393799992413096
9.74 0.0007307357492413098
9.75 0.000668381449241311
9.76 0.0005957492992413126
9.77 0.0005375867992413138
9.78 0.000479208499241315
9.790000000000001 0.000395742699241302
9.8 0.00028157119924130444
9.81 0.00015259419924130716
9.82 3.635819924130963e-05
9.83 -3.589565075868883e-05
9.84 -3.9519050758688755e-05
9.85 3.355839924130968e-05
9.86 0.00017516189924130667
9.870000000000001 0.0003660938992413365
9.88 0.0005785978992413319
9.89 0.0007824138992413276
9.9 0.0009575808992413238
9.91 0.0010992448992413208
9.92 0.0012077146492413186
9.93 0.0012805535492413172
9.94 0.0013174524492413164
9.950000000000001 0.0013234817642413174
9.96 0.001300597379241318
9.97 0.0012438787792413192
9.98 0.0011516711292413211
9.99 0.0010296206292413237
10.0 0.000877819629241327
10.01 0.000688564629241331
10.02 0.0004700996292413357
10.03 0.0002591956292413402
10.040000000000001 9.315412924131421e-05
10.05 -2.007587075868338e-05
10.06 -9.025122075868188e-05
10.07 -0.00011855048575868128
10.08 -9.90889007586817e-05
10.09 -3.2265750758683117e-05
10.1 8.013839924131448e-05
10.11 0.00024144489924131105
10.120000000000001 0.0004507698992413438
10.13 0.0007021323992413384
10.14 0.001001360399241332
10.15 0.0013590948992413243
10.16 0.001750612399241316
10.17 0.0021052513992413082
10.18 0.002355715899241303
10.19 0.0024806263492413005
10.200000000000001 0.0024864547992413015
10.21 0.002375827799241304
10.22 0.0021563812992413086
10.23 0.0018649787992413148
10.24 0.0015612427992413214
10.25 0.0013013797992413268
10.26 0.0011233997992413306
10.27 0.0010436478492413324
10.28 0.0010539293992413322
10.290000000000001 0.001123779049241343
10.3 0.0012129838492413413
10.31 0.0012851271492413396
10.32 0.001316468609241339
10.33 0.0012996421192413392
10.34 0.0012400728692413404
10.35 0.0011493384192413423
10.36 0.0010431804192413447
10.370000000000001 0.0009396103692413285
10.38 0.0008497168692413304
10.39 0.0007738530192413321
10.4 0.0007126153192413333
10.41 0.0006706587692413342
10.42 0.0006385367692413349
10.43 0.0005845412192413361
10.44 0.00048288391924133825
10.450000000000001 0.0003419834192413162
10.46 0.0001920229192413194
10.47 5.495141924132232e-05
10.48 -6.360758075867515e-05
10.49 -0.0001687835807586729
10.5 -0.0002778140807586706
10.51 -0.00041321408075866773
10.52 -0.0005773955807586642
10.53 -0.0007423775807586607
10.540000000000001 -0.0008770995807586817
10.55 -0.0009746709307586796
10.56 -0.001042773830758678
10.57 -0.0010815283807586772
10.58 -0.001084561880758677
10.59 -0.0010513899807586778
10.6 -0.0009849520307586793
10.61 -0.0008825224807586815
10.620000000000001 -0.0007392559807586592
10.63 -0.000556026980758663
10.64 -0.0003344259807586677
10.65 -7.14089807586733e-05
10.66 0.00022748151924132032
10.67 0.0005315060192413138
10.68 0.0007929060192413082
10.69 0.0009710510192413044
10.700000000000001 0.0010431622692413157
10.71 0.0009990465192413166
10.72 0.0008357140192413201
10.73 0.0005568830192413261
10.74 0.00017630501924133414
10.75 -0.00026799998075865636
10.76 -0.0007040254807586471
10.77 -0.0010513969807586397
10.78 -0.001266658980758635
10.790000000000001 -0.0013466335807586476
10.8 -0.001286188180758649
10.81 -0.0010722776807586534
10.82 -0.0007383161807586606
10.83 -0.00038590818075866804
10.84 -0.00011635218075867378
10.85 3.795391924132295e-05
10.86 9.20697092413218e-05
10.870000000000001 5.233579924131559e-05
10.88 -8.332530075868152e-05
10.89 -0.00028869280075867715
10.9 -0.0005094833007586724
10.91 -0.0006967863007586684
10.92 -0.0008239855007586657
10.93 -0.0008800883007586645
10.94 -0.0008631923007586649
10.950000000000001 -0.0007784617007586517
10.96 -0.0006361272007586547
10.97 -0.00045690970075865854
10.98 -0.0002770087007586624
10.99 -0.00013561770075866538
11.0 -5.5420650758667095e-05
11.01 -4.240550075866737e-05
11.02 -9.998795075866615e-05
11.03 -0.00023057400075866336
11.040000000000001 -0.00042435900075869364
11.05 -0.0006538140007586888
11.06 -0.0008798890007586839
11.07 -0.00106398200075868
11.08 -0.0011807314007586775
11.09 -0.0012230112957586766
11.1 -0.0011962677907586773
11.11 -0.001116960090758679
11.120000000000001 -0.0010181295407586635
11.13 -0.0009385227907586653
11.14 -0.0008908990407586663
11.15 -0.0008528112907586671
11.16 -0.0008011578407586682
11.17 -0.0007424771407586695
11.18 -0.0006991157407586705
11.19 -0.0006848500457586708
11.200000000000001 -0.0007086270507586745
11.21 -0.0007802390007586729
11.22 -0.0008901820007586706
11.23 -0.0009980693507586683
11.24 -0.0010623784007586668
11.25 -0.0010726416007586666
11.26 -0.0010386992007586674
11.27 -0.0009622271507586691
11.28 -0.0008344755007586718
11.290000000000001 -0.0006529520007586434
11.3 -0.00042806550075864824
11.31 -0.00018102550075865348
11.32 5.6433999241341465e-05
11.33 0.00024785299924133736
11.34 0.0003682284992413348
11.35 0.00041315958924133386
11.36 0.0003887901292413344
11.370000000000001 0.00029745657924132014
11.38 0.00013505457924132362
11.39 -0.00010056842075867138
11.4 -0.000399128420758665
11.41 -0.000731609420758658
11.42 -0.0010542964207586512
11.43 -0.0013226629207586454
11.44 -0.0015061789207586416
11.450000000000001 -0.0015953163707586556
11.46 -0.0015994764207586554
11.47 -0.0015420916207586567
11.48 -0.0014556302707586586
11.49 -0.0013746704207586603
11.5 -0.0013256655207586612
11.51 -0.0013187525707586613
11.52 -0.0013477459707586608
11.53 -0.0013956562207586597
11.540000000000001 -0.0014396605207586666
11.55 -0.0014561652807586662
11.56 -0.001429519340758667
11.57 -0.0013568669407586684
11.58 -0.001241765840758671
11.59 -0.0010892158407586742
11.6 -0.0009142883407586779
11.61 -0.0007476463407586815
11.620000000000001 -0.0006187188407586613
11.63 -0.0005353169407586631
11.64 -0.0004858699907586642
11.65 -0.0004523842407586649
11.66 -0.0004142028407586657
11.67 -0.00035547679075866696
11.68 -0.00028513829075866844
11.69 -0.00023799644075866945
11.700000000000001 -0.0002427679407586702
11.71 -0.00030264294075866893
11.72 -0.0004165322407586665
11.73 -0.0005917612407586628
11.74 -0.0008138107407586581
11.75 -0.0010280137407586536
11.76 -0.0011794687407586503
11.77 -0.0012542613907586488
11.78 -0.0012608263907586486
11.790000000000001 -0.0011963072407586385
11.8 -0.0010599987407586414
11.81 -0.0008814792407586452
11.82 -0.0007067992407586489
11.83 -0.0005688597407586519
11.84 -0.00048826689075865364
11.85 -0.0004799595407586538
11.86 -0.0005325451407586527
11.870000000000001 -0.000598807290758663
11.88 -0.0006336485407586624
11.89 -0.0006283630407586625
11.9 -0.0005916209407586632
11.91 -0.0005194845907586647
11.92 -0.0004035091407586672
11.93 -0.00024880614075867047
11.94 -6.96201407586743e-05
11.950000000000001 0.00010916335924135366
11.96 0.000234157959241351
11.97 0.00024187465924135085
11.98 0.00012304375924135336
11.99 -5.484424075864286e-05
12.0 -0.00021337324075863947
12.01 -0.000327665390758637
12.02 -0.00040921819075863527
12.030000000000001 -0.00046022904075864325
12.040000000000001 -0.00047390476075864297
12.05 -0.00045448623075864335
12.06 -0.00040770508075864436
12.07 -0.00032757113075864607
12.08 -0.00021362178075864848
12.09 -8.662078075865118e-05
12.1 2.9519719241346358e-05
12.11 0.00012645131924134427
12.120000000000001 0.000201519319241356
12.13 0.00025001546924135494
12.14 0.00028067821924135426
12.15 0.0003183121692413535
12.16 0.0003724312692413523
12.17 0.0004158223192413514
12.18 0.0004087424192413515
12.19 0.000337726119241353
12.200000000000001 0.00022500661924133538
12.21 0.00011009411924133784
12.22 2.7171819241339617e-05
12.23 -8.164880758659627e-06
12.24 1.9878692413401563e-06
12.25 5.1065119241339106e-05
12.26 0.00014035271924133722
12.27 0.0002751322192413344
12.280000000000001 0.0004492117192413616
12.290000000000001 0.0006364912192413576
12.3 0.0007980377192413541
12.31 0.000895750119241352
12.32 0.0009037117692413518
12.33 0.0008146370192413537
12.34 0.0006399270192413574
12.35 0.00040585451924136245
12.36 0.00014825201924136797
12.370000000000001 -9.567148075867015e-05
12.38 -0.0003001064807586658
12.39 -0.0004586084807586625
12.4 -0.00057647918075866
12.41 -0.0006554822807586583
12.42 -0.0006896797007586576
12.43 -0.0006769274707586579
12.44 -0.0006300509707586588
12.450000000000001 -0.0005741974707586501
12.46 -0.0005331360707586509
12.47 -0.0005170319957586513
12.48 -0.0005204399207586512
12.49 -0.000530031845758651
12.5 -0.0005337470357586509
12.51 -0.0005214986007586512
12.52 -0.000480764550758652
12.530000000000001 -0.0004020110007586397
12.540000000000001 -0.000293611950758642
12.55 -0.00018366995075864436
12.56 -9.977655075864614e-05
12.57 -5.1841150758647164e-05
12.58 -3.7969045758647456e-05
12.59 -5.652094075864706e-05
12.6 -0.00010393284075864605
12.61 -0.0001676770907586447
12.620000000000001 -0.00022986584075865442
12.63 -0.00027407149075865347
12.64 -0.0002860596907586532
12.65 -0.0002579624407586538
12.66 -0.00019979599075865503
12.67 -0.00013991549075865632
12.68 -0.00010558914075865704
12.69 -0.00010465499075865706
12.700000000000001 -0.00012520429075866027
12.71 -0.00014532234075865984
12.72 -0.0001431917907586599
12.73 -0.00010811274075866064
12.74 -4.8392340758661915e-05
12.75 1.3225159241336767e-05
12.76 5.520945924133587e-05
12.77 7.010431424133555e-05
12.780000000000001 6.352846924133453e-05
12.790000000000001 4.1394819241335e-05
12.8 -3.699807586641108e-07
12.81 -6.801983075866267e-05
12.82 -0.0001510893807586609
12.83 -0.0002213630807586594
12.84 -0.00025633888075865866
12.85 -0.00025309073075865875
12.86 -0.0002140567307586596
12.870000000000001 -0.00013695423075864755
12.88 -3.1385830758649805e-05
12.89 6.952746924134804e-05
12.9 0.00013109281924134672
12.91 0.00014359091924134645
12.92 0.00011832581924134699
12.93 6.951081924134802e-05
12.94 1.0789719241349273e-05
12.950000000000001 -4.0417180758658736e-05
12.96 -6.796063075865815e-05
12.97 -6.49927307586582e-05
12.98 -3.4422230758658855e-05
12.99 1.4105919241340112e-05
13.0 6.700501924133899e-05
13.01 0.00011121911924133804
13.02 0.00013824786924133747
13.030000000000001 0.0001454545092413386
13.040000000000001 0.0001371149992413388
13.05 0.0001227512492413391
13.06 0.00011034919924133935
13.07 0.00010530167169133946
13.08 0.00011826804414133918
13.09 0.00016082049414133828
13.1 0.00022415009414133692
13.11 0.0002789517441413358
13.120000000000001 0.00031207519414134095
13.13 0.0003456548941413402
13.14 0.000401487294141339
13.15 0.00046638799414133763
13.16 0.0005152795941413366
13.17 0.0005499853441413359
13.18 0.000591702094141335
13.19 0.0006519214941413337
13.200000000000001 0.0007333998441413465
13.21 0.0008435216941413441
13.22 0.000983020694141341
13.23 0.0011317631941413378
13.24 0.001262532694141335
13.25 0.0013576181441413329
13.26 0.001402649494141332
13.27 0.0013857258941413324
13.280000000000001 0.001318780044141322
13.290000000000001 0.0012419545941413236
13.3 0.0011901880941413247
13.31 0.0011690997991413252
13.32 0.001173198954141325
13.33 0.0012058296041413243
13.34 0.001263350454141323
13.35 0.0013162550041413217
13.36 0.0013273022041413215
13.370000000000001 0.0012838022041413146
13.38 0.0012029652041413163
13.39 0.0011128915541413183
13.4 0.00103429220414132
13.41 0.0009711583041413214
13.42 0.0009101010041413227
13.43 0.0008349802541413242
13.44 0.000749311554141326
13.450000000000001 0.0006793020541413151
13.46 0.0006511100091413157
13.47 0.0006719183141413153
13.48 0.000733651314141314
13.49 0.0008217067141413121
13.5 0.0009156739141413102
13.51 0.0009935611641413084
13.52 0.0010432552141413074
13.530000000000001 0.0010640218541413107
13.540000000000001 0.001054233194141311
13.55 0.001008608144141312
13.56 0.0009341632941413135
13.57 0.0008589051941413151
13.58 0.0008140019441413161
13.59 0.0008107759441413161
13.6 0.0008395766441413156
13.61 0.0008840885941413146
13.620000000000001 0.0009298103941413218
13.63 0.0009630915941413211
13.64 0.0009715995191413209
13.65 0.0009496056441413214
13.66 0.0009015327441413224
13.67 0.0008403289441413237
13.68 0.0007832095941413249
13.69 0.0007473665441413256
13.700000000000001 0.0007459311941413253
13.71 0.0007844737941413245
13.72 0.0008584713441413229
13.73 0.000952127944141321
13.74 0.001041430844141319
13.75 0.0011025961441413178
13.76 0.0011208043891413175
13.77 0.0010924656341413182
13.780000000000001 0.0010226345341413073
13.790000000000001 0.0009251371341413093
13.8 0.0008233176341413115
13.81 0.0007427962341413132
13.82 0.0006991987341413142
13.83 0.0006957662841413142
13.84 0.0007324040341413135
13.85 0.0008088274841413118
13.86 0.0009160248341413095
13.870000000000001 0.0010328618341413278
13.88 0.0011381464841413256
13.89 0.0012227387341413238
13.9 0.0012873205841413223
13.91 0.0013333450841413214
13.92 0.0013598052841413209
13.93 0.0013656688191413207
13.94 0.001351267504141321
13.950000000000001 0.001317476654141316
13.96 0.0012656944041413171
13.97 0.0012013635041413185
13.98 0.00113765765414132
13.99 0.001091588804141321
14.0 0.0010736286991413213
14.01 0.001083640394141321
14.02 0.0011167034441413202
14.030000000000001 0.0011650020441413278
14.040000000000001 0.0012128498941413267
14.05 0.001242478944141326
14.06 0.0012527757941413259
14.07 0.0012611157941413258
14.08 0.0012761444941413254
14.09 0.0012789079941413254
14.1 0.0012429467441413262
14.11 0.0011647121441413278
14.120000000000001 0.0010622416941413117
14.13 0.0009507736941413141
14.14 0.0008313011941413166
14.15 0.0007009686941413195
14.16 0.0005657821941413223
14.17 0.00044107819414132495
14.18 0.0003422296441413271
14.19 0.00027597294414132847
14.200000000000001 0.00024035459414132292
14.21 0.0002324846191413231
14.22 0.00025484004414132264
14.23 0.00031169304414132144
14.24 0.00039990934414131955
14.25 0.0005047683441413173
14.26 0.0006049688441413151
14.27 0.0006819560941413135
14.280000000000001 0.0007267579941413206
14.290000000000001 0.0007391649041413202
14.3 0.0007204439641413207
14.31 0.0006692798141413218
14.32 0.0005859369641413235
14.33 0.0004781505641413258
14.34 0.00036099256414132835
14.35 0.0002510895641413307
14.36 0.00015898101414133262
14.370000000000001 8.557116414132115e-05
14.38 2.7386164141322392e-05
14.39 -1.5104385858676699e-05
14.4 -3.6569685858676244e-05
14.41 -3.487623585867628e-05
14.42 -1.98823858586766e-05
14.43 -1.5454890858676695e-05
14.44 -5.0275245858675956e-05
14.450000000000001 -0.00013765364585868961
14.46 -0.000259196645858687
14.47 -0.00037407914585868454
14.48 -0.00044939464585868293
14.49 -0.0004753776158586824
14.5 -0.0004514653858586829
14.51 -0.0003764321858586845
14.52 -0.0002631671858586869
14.530000000000001 -0.00014764168585866885
14.540000000000001 -6.627878585867058e-05
14.55 -3.0834635858671336e-05
14.56 -3.464393585867125e-05
14.57 -7.310778585867043e-05
14.58 -0.0001461293358586689
14.59 -0.00024694258585866675
14.6 -0.0003600680858586643
14.61 -0.000468732585858662
14.620000000000001 -0.0005602707358586763
14.63 -0.0006278214858586749
14.64 -0.0006703892358586739
14.65 -0.0006904047008586735
14.66 -0.0006917762758586735
14.67 -0.0006821086358586737
14.68 -0.0006730405908586739
14.69 -0.0006752467058586738
14.700000000000001 -0.000695588365858677
14.71 -0.0007390269658586761
14.72 -0.0008079722158586746
14.73 -0.0008995697658586726
14.74 -0.0010080712658586703
14.75 -0.0011262392658586678
14.76 -0.0012401192658586654
14.77 -0.0013304602158586635
14.780000000000001 -0.0013869674658586724
14.790000000000001 -0.0014127532158586717
14.8 -0.0014089075658586718
14.81 -0.0013703247658586727
14.82 -0.001307027115858674
14.83 -0.0012529155658586753
14.84 -0.0012391923658586757
14.85 -0.0012728670658586749
14.86 -0.0013511678658586733
14.870000000000001 -0.001476520365858693
14.88 -0.0016415033658586896
14.89 -0.0018164083658586858
14.9 -0.0019708628658586824
14.91 -0.0020978408658586796
14.92 -0.0022046453658586774
14.93 -0.0022920437658586756
14.94 -0.0023540680658586744
14.950000000000001 -0.0023891239158586796
14.96 -0.0024001271918586793
14.97 -0.0023878299178586794
14.98 -0.0023500983678586803
14.99 -0.0022859944178586816
15.0 -0.0021978496178586835
15.01 -0.0020890918178586857
15.02 -0.0019592848178586883
15.030000000000001 -0.0018046223178586642
15.040000000000001 -0.001628923317858668
15.05 -0.0014505068178586717
15.06 -0.001289792317858675
15.07 -0.001154055317858678
15.08 -0.0010422663178586804
15.09 -0.0009573200178586822
15.1 -0.0009031912678586834
15.11 -0.000878120317858684
15.120000000000001 -0.0008816620678586846
15.13 -0.0009182048678586838
15.14 -0.0009814948178586825
15.15 -0.001046370417858681
15.16 -0.0010883222678586802
15.17 -0.00110085480785868
15.18 -0.0010849061478586802
15.19 -0.0010385729478586813
15.200000000000001 -0.0009711810478586708
15.21 -0.0009121553478586721
15.22 -0.0008890523883586726
15.23 -0.0009067140788586722
15.24 -0.0009593935788586711
15.25 -0.001048822378858669
15.26 -0.0011745758788586664
15.27 -0.0013151968788586634
15.280000000000001 -0.0014330283288586819
15.290000000000001 -0.0014938654288586806
15.3 -0.001476259328858681
15.31 -0.001372275578858683
15.32 -0.001191278078858687
15.33 -0.0009612525788586919
15.34 -0.000719363078858697
15.35 -0.0005005140788587017
15.36 -0.0003303560788587053
15.370000000000001 -0.000219736228858688
15.38 -0.00016492607885868916
15.39 -0.00016027927885868927
15.4 -0.00021059612885868822
15.41 -0.0003219884788586858
15.42 -0.00048043897885868245
15.43 -0.0006497239788586788
15.44 -0.0007957084788586757
15.450000000000001 -0.000906430478858693
15.46 -0.0009863933788586913
15.47 -0.0010395310788586902
15.48 -0.0010631330738586897
15.49 -0.0010545303688586898
15.5 -0.0010166394688586905
15.51 -0.0009539571688586919
15.52 -0.0008653803688586937
15.530000000000001 -0.0007467788688586751
15.540000000000001 -0.0006018788688586783
15.55 -0.00044646586885868156
15.56 -0.0003010608688586847
15.57 -0.00018392471885868717
15.58 -0.00010948426885868875
15.59 -8.277521885868933e-05
15.6 -9.083996885868916e-05
15.610000000000001 -0.00010673656885869164
15.620000000000001 -0.00010766776885869162
15.63 -8.598876885869209e-05
15.64 -4.3012418858693004e-05
15.65 1.8272481141305695e-05
15.66 8.899183114130418e-05
15.67 0.0001488900311413029
15.68 0.00017407147614130236
15.69 0.0001529568211413028
15.700000000000001 9.101487114129313e-05
15.71 -4.381978858704824e-06
15.72 -0.00013991847885870193
15.73 -0.000324559478858698
15.74 -0.0005397459788586934
15.75 -0.0007366129788586892
15.76 -0.0008713898788586863
15.77 -0.0009301912788586851
15.780000000000001 -0.0009137370788586825
15.790000000000001 -0.0008216163788586844
15.8 -0.0006684858788586877
15.81 -0.0004975103788586912
15.82 -0.00035424587885869426
15.83 -0.0002540978288586964
15.84 -0.0001891037788586978
15.85 -0.0001563031288586985
15.860000000000001 -0.00016372152885869967
15.870000000000001 -0.0002136324788586986
15.88 -0.0002940390288586969
15.89 -0.00038557672885869497
15.9 -0.0004677283788586932
15.91 -0.0005180041288586921
15.92 -0.0005146422288586922
15.93 -0.00044897617885869366
15.94 -0.0003365896788586961
15.950000000000001 -0.00021160267885867655
15.96 -0.00010411807885867885
15.97 -2.3621528858680573e-05
15.98 3.465802114131818e-05
15.99 7.330962114131736e-05
16.0 8.879892614131702e-05
16.01 7.96601311413156e-05
16.02 4.940463114132162e-05
16.03 -3.814188586861677e-07
16.04 -7.408636885867151e-05
16.05 -0.00017426816885868717
16.06 -0.00029205416885866374
16.07 -0.0004101001688586822
16.080000000000002 -0.0005143127688586984
16.09 -0.000597039368858682
16.1 -0.0006499489188586903
16.11 -0.0006656153888586873
16.12 -0.0006517757588586851
16.13 -0.0006329077588586889
16.14 -0.0006273438338586881
16.15 -0.0006286971898586878
16.16 -0.0006153197708586857
16.17 -0.0005691786708586785
16.18 -0.00048021532085869626
16.19 -0.0003453863208586752
16.2 -0.00017613182085870883
16.21 -1.4268208586815199e-06
16.22 0.00014769867914128881
16.23 0.000257770829141306
16.240000000000002 0.0003353477291413181
16.25 0.00039499707914130626
16.26 0.0004495698791413148
16.27 0.0005104578791413027
16.28 0.0005907006291413152
16.29 0.0006990685791412937
16.3 0.0008265765791413136
16.31 0.0009452745791412899
16.32 0.0010286192291413029
16.330000000000002 0.0010689420291413092
16.34 0.0010694067791413092
16.35 0.001029874279141303
16.36 0.0009534163791413183
16.37 0.0008595040791413036
16.38 0.00077723552914132
16.39 0.0007298291291413125
16.4 0.0007332836791413118
16.41 0.0007971243291413218
16.42 0.0009102460791413395
16.43 0.0010350840791413147
16.44 0.0011341394791413303
16.45 0.0011973997791413177
16.46 0.0012326995291413233
16.47 0.0012410822041413216
16.48 0.0012166291291413178
16.490000000000002 0.001160485129141309
16.5 0.001080307529141325
16.51 0.00098522582914131
16.52 0.0008928994791413283
16.53 0.0008283625291413182
16.54 0.0008011575791413237
16.55 0.0007941924841413226
16.56 0.0007847106891413245
16.57 0.0007595213391413206
16.580000000000002 0.0007016675391413116
16.59 0.0005899242391413338
16.6 0.0004318227391413091
16.61 0.0002755672391413402
16.62 0.00016827293914132343
16.63 0.00012060143914133291
16.64 0.00012661248914133384
16.65 0.00018928313914132137
16.66 0.000301829039141339
16.67 0.0004274945391413586
16.68 0.000526119489141339
16.69 0.0005865604391413485
16.7 0.0006151088391413428
16.71 0.0006118569891413423
16.72 0.0005785241391413489
16.73 0.0005336486891413419
16.740000000000002 0.0005024895391413371
16.75 0.0005040796891413368
16.76 0.000556000039141345
16.77 0.0006708164391413221
16.78 0.0008335344391413476
16.79 0.0009988429391413146
16.8 0.0011254069391413344
16.81 0.0012019782891413192
16.82 0.001233476439141324
16.830000000000002 0.0012192495891413218
16.84 0.001157848239141334
16.85 0.0010625585391413192
16.86 0.0009591670391413397
16.87 0.0008705189391413258
16.88 0.0008074293391413384
16.89 0.0007716029891413328
16.9 0.0007629668191413345
16.91 0.0007824580491413376
16.92 0.0008277406991413446
16.93 0.0008874101491413328
16.94 0.0009425674991413414
16.95 0.0009752213491413348
16.96 0.0009746121491413347
16.97 0.0009389446991413419
16.98 0.0008777686491413323
16.990000000000002 0.0008131481491413222
17.0 0.0007705704491413306
17.01 0.0007623610441413293
17.02 0.000778868139141326
17.03 0.0007961608391413287
17.04 0.0007930883891413292
17.05 0.0007634019891413247
17.06 0.0007152537891413342
17.07 0.000662912089141326
17.080000000000002 0.0006205438391413195
17.09 0.0006011666491413234
17.1 0.0006155115591413256
17.11 0.0006675046091413153
17.12 0.0007511864591413283
17.13 0.0008527720091413081
17.14 0.000954834909141324
17.150000000000002 0.0010400686091413373
17.16 0.0010963093591413262
17.17 0.0011193480791413298
17.18 0.001108462499141332
17.19 0.0010619463491413246
17.2 0.0009819107491413404
17.21 0.0008807784491413246
17.22 0.0007765904491413454
17.23 0.0006839211991413309
17.240000000000002 0.0006125959991413198
17.25 0.0005687348991413284
17.26 0.0005510104541413257
17.27 0.0005527386191413253
17.28 0.0005738871791413286
17.29 0.0006213283791413192
17.3 0.0006907853791413301
17.31 0.0007608155791413161
17.32 0.0008125251791413242
17.330000000000002 0.0008419072291413288
17.34 0.0008469943341413278
17.35 0.0008225005891413239
17.36 0.0007781126891413327
17.37 0.0007425908391413272
17.38 0.0007337382491413289
17.39 0.0007378644541413295
17.400000000000002 0.0007311175491413285
17.41 0.0007071766491413332
17.42 0.0006724620991413278
17.43 0.0006279247491413367
17.44 0.0005699807991413276
17.45 0.0005033892991413408
17.46 0.0004424777491413313
17.47 0.0004002699491413397
17.48 0.00038128020414133676
17.490000000000002 0.0003853300591413374
17.5 0.0004145925091413316
17.51 0.00047048905914134036
17.52 0.0005417325091413262
17.53 0.0006032607591413358
17.54 0.0006339376091413297
17.55 0.0006286502091413288
17.56 0.000587397609141337
17.57 0.0005061701091413244
17.580000000000002 0.00039168310914130644
17.59 0.00027378560914132985
17.6 0.0001863487591413162
17.61 0.00014066365914132528
17.62 0.0001268189141413231
17.63 0.00013129706914132222
17.64 0.0001421490191413239
17.650000000000002 0.0001477935681413248
17.66 0.0001473271371413249
17.67 0.00015805770714132658
17.68 0.00019995600714131824
17.69 0.0002720074571413295
17.7 0.00034873645714131427
17.71 0.00039797455714132195
17.72 0.0004011808071413213
17.73 0.00036258395714131524
17.740000000000002 0.0003028337571413059
17.75 0.00024268450714131786
17.76 0.00019093940714130976
17.77 0.0001464451071413186
17.78 0.00010663095714131236
17.79 6.864125714131991e-05
17.8 2.397305714131293e-05
17.81 -4.0145542858674316e-05
17.82 -0.00012998684285868835
17.830000000000002 -0.00023754084285870515
17.84 -0.00034458234285868384
17.85 -0.0004335437428586977
17.86 -0.0004953315428586854
17.87 -0.0005291886928586907
17.88 -0.0005369592978586891
17.89 -0.0005182196528586863
17.900000000000002 -0.0004705449028586788
17.91 -0.00039388255285869407
17.92 -0.00029383095285867843
17.93 -0.00018107395285870087
17.94 -6.917845285868338e-05
17.95 2.6997197141297494e-05
17.96 9.522219714130816e-05
17.97 0.00013134464714130098
17.98 0.00013767922714130198
17.990000000000002 0.0001141199571412983
18.0 5.506465714131005e-05
18.01 -4.0752392858704923e-05
18.02 -0.0001595358928586813
18.03 -0.0002747908928586993
18.04 -0.000361878092858682
18.05 -0.0004113227928586897
18.06 -0.0004284604128586863
18.07 -0.0004187257828586848
18.080000000000002 -0.0003745809328586779
18.09 -0.0002855703328586956
18.1 -0.0001634083328586765
18.11 -4.447383285870016e-05
18.12 4.0167017141313065e-05
18.13 8.495406714130414e-05
18.14 9.444467714130563e-05
18.150000000000002 6.745768714130141e-05
18.16 9.994237141312839e-06
18.17 -5.243761285869692e-05
18.18 -9.262621285868893e-05
18.19 -0.00010195839285869039
18.2 -8.263177285869424e-05
18.21 -3.468937285868675e-05
18.22 3.517352714129936e-05
18.23 0.00010478067714131024
18.240000000000002 0.00015245642714131768
18.25 0.0001743916271413133
18.26 0.0001762135221413136
18.27 0.00015733791714131736
18.28 0.00011500756714131075
18.29 5.710071714132227e-05
18.3 3.1066714131339326e-07
18.31 -4.3899982858677814e-05
18.32 -7.89829828586833e-05
18.330000000000002 -0.00012139348285868993
18.34 -0.00019023228285867624
18.35 -0.0002955730828586927
18.36 -0.0004330115828586654
18.37 -0.0005862400828586893
18.38 -0.00073349758285866
18.39 -0.0008537725828586789
18.400000000000002 -0.0009315121328586911
18.41 -0.0009594628278586855
18.42 -0.0009401494728586825
18.43 -0.0008867359728586931
18.44 -0.0008198299228586826
18.45 -0.0007586687728586948
18.46 -0.0007135292228586877
18.47 -0.0006865011728586931
18.48 -0.0006768069528586916
18.490000000000002 -0.0006825148328586926
18.5 -0.0006973996328586896
18.51 -0.0007070638778586912
18.52 -0.0006916643228586942
18.53 -0.0006405770228586862
18.54 -0.0005669920728587008
18.55 -0.0004990964228586902
18.56 -0.0004534466728586993
18.57 -0.00043081632285869577
18.580000000000002 -0.0004424691728586976
18.59 -0.0005157846228586831
18.6 -0.000656231622858705
18.61 -0.0008236701228586717
18.62 -0.0009675431228586942
18.63 -0.0010702389228586739
18.64 -0.0011400322728586847
18.650000000000002 -0.0011808833728586912
18.66 -0.0011891438178586896
18.67 -0.0011650046128586858
18.68 -0.001107949162858697
18.69 -0.0010129718128586822
18.7 -0.0008871693128587072
18.71 -0.0007591948128586872
18.72 -0.0006579152128587074
18.73 -0.0005908864628586969
18.740000000000002 -0.0005526588628586909
18.75 -0.000542102657858693
18.76 -0.0005624044028586961
18.77 -0.000613506402858686
18.78 -0.0006932474528586984
18.79 -0.0008017030028586768
18.8 -0.0009408770028586985
18.81 -0.0011113715028586645
18.82 -0.0013080875028586953
18.830000000000002 -0.0015163055028587279
18.84 -0.0017137550028586885
18.85 -0.0018788080028587144
18.86 -0.001997044802858691
18.87 -0.0020629822028587013
18.88 -0.002079129422858698
18.89 -0.0020506587928586935
18.900000000000002 -0.001976499392858682
18.91 -0.0018513112428587067
18.92 -0.0016825792428586802
18.93 -0.0014987957428587168
18.94 -0.0013310627428586906
18.95 -0.0011912242428587184
18.96 -0.0010739007428587001
18.97 -0.0009706234428587207
18.98 -0.0008727371428587054
18.990000000000002 -0.0007686916428586891
19.0 -0.0006513366428587124
19.01 -0.0005265526428586929
19.02 -0.00040851914285871643
19.03 -0.00030955064285870097
19.04 -0.00023757769285871527
19.05 -0.00019698934285870893
19.06 -0.0001870584478587109
19.07 -0.00020474230285871367
19.080000000000002 -0.00025254895285872113
19.09 -0.0003362082528587045
19.1 -0.00044889425285872216
19.11 -0.0005643892528586992
19.12 -0.0006540427528587133
19.13 -0.0007089813028587023
19.14 -0.0007433912028587077
19.150000000000002 -0.0007791999028587133
19.16 -0.0008277191528587036
19.17 -0.0008804537028587119
19.18 -0.0009136911028587053
19.19 -0.0009042419528587038
19.2 -0.0008446873028587156
19.21 -0.0007459685528587002
19.22 -0.0006283590528587236
19.23 -0.0005125135528587055
19.240000000000002 -0.0004141899028586901
19.25 -0.000339166102858705
19.26 -0.00028217525285869613
19.27 -0.00023368355285870577
19.28 -0.00018641785285869838
19.29 -0.00013442910285870873
19.3 -7.134820285869887e-05
19.31 4.712897141286002e-06
19.32 8.457114714129848e-05
19.330000000000002 0.00014796574714130839
19.34 0.0001716117821413037
19.35 0.00014324031714129927
19.36 7.32164671413132e-05
19.37 -9.78713285869977e-06
19.38 -7.633533285868653e-05
19.39 -0.00010368247785869081
19.400000000000002 -6.965477285868549e-05
19.41 3.933502714129282e-05
19.42 0.00020422802714131858
19.43 0.0003746330271412847
19.44 0.0005075890271413055
19.45 0.0005922457771412886
19.46 0.0006307591271412946
19.47 0.0006195951771412969
19.48 0.0005663712271412885
19.490000000000002 0.000505156527141279
19.5 0.0004728316271412854
19.51 0.00047967272714128647
19.52 0.000516969927141279
19.53 0.000580936477141289
19.54 0.0006714570271412711
19.55 0.0007716130771412867
19.56 0.0008431338271412725
19.57 0.0008479863271412733
19.580000000000002 0.0007754446271412619
19.59 0.0006497631271412869
19.6 0.0005123551271412654
19.61 0.0003979175271412882
19.62 0.00032537112714127686
19.63 0.00029948588714128204
19.64 0.0003081508971412834
19.650000000000002 0.0003215889721412855
19.66 0.00030868394714128806
19.67 0.00025740794714128003
19.68 0.0001751908971412964
19.69 7.603069714128089e-05
19.7 -2.417700285869918e-05
19.71 -0.00010744925285871221
19.72 -0.00016102305285870154
19.73 -0.0001819370428587048
19.740000000000002 -0.00016928888285870283
19.75 -0.00012122328285871239
19.76 -4.6926782858700775e-05
19.77 2.8725117141284174e-05
19.78 8.27261171412926e-05
19.79 0.0001103932171412871
19.8 0.0001206531271412887
19.81 0.0001256931271412877
19.82 0.0001411210671412901
19.830000000000002 0.0001846594671412969
19.84 0.0002627154671412814
19.85 0.00035972666714129657
19.86 0.00044522041714127955
19.87 0.0004894526171412865
19.88 0.00047272186714128977
19.89 0.0003880532171412765
19.900000000000002 0.00024257621714125375
19.91 5.7713217141290525e-05
19.92 -0.00013512378285873963
19.93 -0.000303885282858706
19.94 -0.0004271336328587253
19.95 -0.0004997981828587108
19.96 -0.0005293121828587154
19.97 -0.0005287356828587154
19.98 -0.0005139910328587131
19.990000000000002 -0.0005015598128587112
20.0 -0.0005009066778587113
20.01 -0.0005093446128587126
20.02 -0.0005182979278587108
20.03 -0.0005229906428587116
20.04 -0.0005227953578587116
20.05 -0.0005157534728587105
20.06 -0.0004986967228587139
20.07 -0.00047234192285870984
20.080000000000002 -0.0004432749228587053
20.09 -0.0004217184228587096
20.1 -0.0004184167478587091
20.11 -0.00044014427285870477
20.12 -0.0004843194728587117
20.13 -0.0005386145728587009
20.14 -0.0005879077228587086
20.150000000000002 -0.0006207689228587138
20.16 -0.000629579567858712
20.17 -0.0006094448128587088
20.18 -0.0005613994628587183
20.19 -0.000495040312858708
20.2 -0.0004236705628587222
20.21 -0.00035669346285871175
20.22 -0.00029843621285872334
20.23 -0.00025228786285871614
20.240000000000002 -0.00022174141285871137
20.25 -0.00020718644785871427
20.26 -0.00020451301785871386
20.27 -0.00020548458485871365
20.28 -0.00019661406685871226
20.29 -0.00016083521685871936
20.3 -8.607541685870767e-05
20.31 2.7988983141269638e-05
20.32 0.0001728554831412923
20.330000000000002 0.00033461898314131756
20.34 0.0004920439831412862
20.35 0.0006205959831413063
20.36 0.0007054391831412893
20.37 0.0007441609331412954
20.38 0.0007341920331412974
20.39 0.0006717594831412876
20.400000000000002 0.0005707038831412718
20.41 0.0004673240831412924
20.42 0.00039393898314128093
20.43 0.000358593633141288
20.44 0.000358813683141288
20.45 0.0003976409331412803
20.46 0.0004709802331412917
20.47 0.0005531061831412754
20.48 0.0006139570331412849
20.490000000000002 0.0006456264331412898
20.5 0.0006606053831412868
20.51 0.0006729338331412887
20.52 0.0006944771831412845
20.53 0.000742631833141292
20.54 0.0008357144831412734
20.55 0.0009775384831412957
20.56 0.0011499694831412614
20.57 0.0013191679831412878
20.580000000000002 0.0014510044831413083
20.59 0.001528243133141293
20.6 0.0015550411131412972
20.61 0.0015404036931413
20.62 0.0014800776431412907
20.63 0.0013655048431413135
20.64 0.0012099203431412892
20.650000000000002 0.0010517923431412645
20.66 0.0009268358431412894
20.67 0.0008465546431412769
20.68 0.0008071425431412847
20.69 0.0008061806431412846
20.7 0.0008420582431412774
20.71 0.000903487643141287
20.72 0.000969075243141274
20.73 0.0010181829431412817
20.740000000000002 0.0010401751581412852
20.75 0.0010342865731412863
20.76 0.0010045444731412816
20.77 0.0009583602231412908
20.78 0.0009086062231412831
20.79 0.0008712364231412905
20.8 0.0008568988131412883
20.81 0.0008676225031412862
20.82 0.0009033278531412918
20.830000000000002 0.0009640874031413012
20.84 0.0010403953531412861
20.85 0.0011086060031412967
20.86 0.0011452179531412894
20.87 0.0011414779531412889
20.88 0.0010981579531412974
20.89 0.0010149420531412844
20.900000000000002 0.0008954830531412657
20.91 0.000758311553141293
20.92 0.0006324900531412734
20.93 0.0005418705031412914
20.94 0.0004948418531412841
20.95 0.00048320202314128637
20.96 0.00048615980814128686
20.97 0.000480329123141288
20.98 0.00045330127314128376
20.990000000000002 0.00040903592314127683
21.0 0.00036083572314128643
21.01 0.00032197127314128037
21.02 0.0003012284731412845
21.03 0.0003016914731412846
21.04 0.0003222655731412805
21.05 0.0003619208731412867
21.06 0.0004213513231412749
21.07 0.0004981477731412869
21.080000000000002 0.0005806768231412998
21.09 0.0006482882231412864
21.1 0.0006797101131412913
21.11 0.0006653893531412942
21.12 0.0006152187531412863
21.13 0.0005525492531412988
21.14 0.0004969451531412901
21.150000000000002 0.0004537288531412833
21.16 0.00041940320314129014
21.17 0.0003886998531412853
21.18 0.00035201310314129263
21.19 0.00029548445314128377
21.2 0.00021325665314130012
21.21 0.000116521153141285
21.22 2.5419853141303122e-05
21.23 -4.352529685870766e-05
21.240000000000002 -7.927994685871325e-05
21.25 -7.515119685871406e-05
21.26 -3.415739685870766e-05
21.27 2.7791853141280026e-05
21.28 8.90408531412896e-05
21.29 0.0001308339531412813
21.3 0.00014018200314128276
21.31 0.00011322585314128813
21.32 6.137770314128002e-05
21.330000000000002 1.0051453141271992e-05
21.34 -1.485853685872305e-05
21.35 -1.6778268587209894e-06
21.36 4.329867314127007e-05
21.37 0.00010261167314127935
21.38 0.00015616662314126868
21.39 0.00018456442314127312
21.400000000000002 0.0001702093731412709
21.41 0.00010493917314128388
21.42 1.2822231412676897e-06
21.43 -0.00011009627685871015
21.44 -0.00020168047685872447
21.45 -0.0002662444768587116
21.46 -0.0003117201268587187
21.47 -0.0003479782768587115
21.48 -0.0003852053768587173
21.490000000000002 -0.0004376050268587255
21.5 -0.0005180623768587095
21.51 -0.0006290263768587268
21.52 -0.0007619338768587004
21.53 -0.0009022593768587223
21.54 -0.0010322088768586965
21.55 -0.0011330070268587122
21.56 -0.0011905547768587008
21.57 -0.001199107976858702
21.580000000000002 -0.0011583734768586956
21.59 -0.0010700223768587132
21.6 -0.0009395808768586928
21.61 -0.0007816118768587243
21.62 -0.0006209963768586992
21.63 -0.000486113376858726
21.64 -0.00039697947685871207
21.650000000000002 -0.000358176876858706
21.66 -0.00036185692685870526
21.67 -0.0003933978768587102
21.68 -0.0004334954768587022
21.69 -0.00046116397685870656
21.7 -0.00046164962685870645
21.71 -0.00043214567685870184
21.72 -0.0003795056268587123
21.73 -0.0003161251268587024
21.740000000000002 -0.00025912777685869353
21.75 -0.00022705962685869993
21.76 -0.00022994907685870038
21.77 -0.00026132452685869416
21.78 -0.00030131017685870043
21.79 -0.00032786692685869516
21.8 -0.00032717402685869507
21.81 -0.00029712522685870107
21.82 -0.0002441876268586928
21.830000000000002 -0.00018004257685868278
21.84 -0.00012182687685869436
21.85 -8.908287685868924e-05
21.86 -9.199602685868866e-05
21.87 -0.00012253147685869342
21.88 -0.00016112597685868574
21.89 -0.0001897779768586902
21.900000000000002 -0.00019687782185869132
21.91 -0.00017669791685869535
21.92 -0.0001304223168586881
21.93 -6.215576685870168e-05
21.94 3.083993314131286e-05
21.95 0.00015426043314128833
21.96 0.00029565843314131044
21.97 0.0004194414331412858
21.98 0.0004965131831412979
21.990000000000002 0.0005318991831413034
22.0 0.0005543034831412989
22.01 0.0005876914331413042
22.02 0.0006396180831412939
22.03 0.0007041736831413039
22.04 0.000764318783141292
22.05 0.0007984868831412973
22.06 0.0007946795331412981
22.07 0.0007541576331412918
22.080000000000002 0.0006780468831412799
22.09 0.000562008833141303
22.1 0.00041238433314127966
22.11 0.0002569733331413106
22.12 0.00012801383314129048
22.13 3.836568314130831e-05
22.14 -2.017771685870084e-05
22.150000000000002 -6.283926685870752e-05
22.16 -0.00010498251685869914
22.17 -0.00016441936685870844
22.18 -0.0002582162668586898
22.19 -0.0003906252668587105
22.2 -0.0005439532668586799
22.21 -0.0006833212668587017
22.22 -0.0007757684668586833
22.23 -0.0008091036018586885
22.240000000000002 -0.0007907658868586856
22.25 -0.0007267393368586983
22.26 -0.0006073489368586796
22.27 -0.0004236949368587161
22.28 -0.00019766643685868076
22.29 1.592206314127674e-05
22.3 0.0001640960631412999
22.31 0.0002279657631412872
22.32 0.00022055756314128604
22.330000000000002 0.00016570281314127745
22.34 8.697021314129311e-05
22.35 8.948113141280913e-06
22.36 -4.5959836858708156e-05
22.37 -6.805859685871162e-05
22.38 -6.440770685871235e-05
22.39 -5.159240685871034e-05
22.400000000000002 -4.81669068587098e-05
22.41 -7.289495685870488e-05
22.42 -0.0001414337568587156
22.43 -0.00025746525685869253
22.44 -0.00040605025685871575
22.45 -0.0005582037568586855
22.46 -0.0006865367568587056
22.47 -0.000779677006858687
22.48 -0.0008414727068586967
22.490000000000002 -0.0008768809568587022
22.5 -0.0008844090718587007
22.51 -0.0008667340868586979
22.52 -0.000841197636858703
22.53 -0.0008277353618587009
22.54 -0.000826881571858701
22.55 -0.0008194452068586999
22.56 -0.0007867818068587064
22.57 -0.0007210370068586961
22.580000000000002 -0.0006173044068586799
22.59 -0.00047085540685870905
22.6 -0.00028948590685868073
22.61 -0.00010135540685871818
22.62 5.9309093141306934e-05
22.63 0.00017625029314128366
22.64 0.00025670394314129623
22.650000000000002 0.0003102516431413046
22.66 0.00032896335314130086
22.67 0.00030214861314129665
22.68 0.0002494387131413071
22.69 0.0002160567631413019
22.7 0.00022308646314130048
22.71 0.00024221386314130346
22.72 0.0002330118131413053
22.73 0.00018333956314129754
22.740000000000002 9.81223131412842e-05
22.75 -2.4762186858691353e-05
22.76 -0.0001817811868587159
22.77 -0.0003450146868586834
22.78 -0.0004822451868587049
22.79 -0.0005860660368586843
22.8 -0.0006655195868586967
22.81 -0.0007212088868586855
22.82 -0.0007462223668586894
22.830000000000002 -0.0007414063468586887
22.84 -0.0007128310968586944
22.85 -0.0006595294968586861
22.86 -0.0005751322468587029
22.87 -0.00045972874685868483
22.88 -0.0003248202468587117
22.89 -0.00018877424685869045
22.900000000000002 -6.86962468586717e-05
22.91 2.6332053141309405e-05
22.92 9.568500314132024e-05
22.93 0.00014123855314131118
22.94 0.00016256556314131452
22.95 0.00015830107314131537
22.96 0.00012929897314131083
22.97 7.841962314132094e-05
22.98 7.48682314130985e-06
22.990000000000002 -8.49651268587046e-05
23.0 -0.00020303912685868108
23.01 -0.0003484466268587038
23.02 -0.0005128511268586711
23.03 -0.0006753941268586965
23.04 -0.0008125511268586692
23.05 -0.000913735876858685
23.06 -0.0009852894268586707
23.07 -0.0010354597768586786
23.080000000000002 -0.001057102456858682
23.09 -0.0010335494868586868
23.1 -0.0009637972868586759
23.11 -0.0008718654868586942
23.12 -0.0007846786368586806
23.13 -0.0007096235368586956
23.14 -0.0006401189868586847
23.150000000000002 -0.0005730645368586742
23.16 -0.0005114260368586865
23.17 -0.0004561482368586779
23.18 -0.00040497808685868806
23.19 -0.00035617798685868044
23.2 -0.0003068095868586903
23.21 -0.0002499444868586814
23.22 -0.00017933893685869546
23.23 -9.504593685868228e-05
23.240000000000002 -3.230368586674753e-07
23.25 0.00010509261314131154
23.26 0.00022524161314133034
23.27 0.00036088061314130336
23.28 0.0005027606131413256
23.29 0.0006332456131412996
23.3 0.0007368147631413158
23.31 0.0008083589631413015
23.32 0.000849869713141308
23.330000000000002 0.00086244112314131
23.34 0.0008450428831413135
23.35 0.0007977382831413061
23.36 0.0007207418831413214
23.37 0.0006130621331413046
23.38 0.0004776941331413315
23.39 0.00032661763314130785
23.400000000000002 0.00017579163314128429
23.41 3.6845633141311925e-05
23.42 -8.360286685870689e-05
23.43 -0.00018091431685868752
23.44 -0.0002535884168586989
23.45 -0.0003042720668586888
23.46 -0.0003349521668586936
23.47 -0.0003434699968586919
23.48 -0.0003273945768586894
23.490000000000002 -0.00028845172685868333
23.5 -0.00023107617685869474
23.51 -0.00016073367685868375
23.52 -8.591897685869863e-05
23.53 -1.7561326858687946e-05
23.54 3.683822314130123e-05
23.55 7.595962314130734e-05
23.56 9.988092314130258e-05
23.57 0.00010759742264130378
23.580000000000002 0.00010371442714130318
23.59 0.00010391152214130314
23.6 0.00012711826214130677
23.61 0.00018064741214129611
23.62 0.00025383341214130754
23.63 0.00032518621214129334
23.64 0.00037588291214130126
23.650000000000002 0.00039857244214130483
23.66 0.00039504532214130556
23.67 0.0003665654721413011
23.68 0.0003087808221413126
23.69 0.0002193506221412986
23.7 0.0001098056221413204
23.71 4.591572141303949e-06
23.72 -7.477427785868025e-05
23.73 -0.00012141612785868754
23.740000000000002 -0.00013786178285869012
23.75 -0.00012561183785869256
23.76 -8.535318785868627e-05
23.77 -2.5109337858698253e-05
23.78 3.769581214131156e-05
23.79 8.452836214130224e-05
23.8 0.00010643030214130566
23.81 0.00010834630714130528
23.82 0.00010491157714130474
23.830000000000002 0.00011014703214130557
23.84 0.00012684733214130225
23.85 0.00014433873214130498
23.86 0.00014684266714130447
23.87 0.00012256655214130068
23.88 6.484040214131216e-05
23.89 -2.9364197858702565e-05
23.900000000000002 -0.0001562131978587224
23.91 -0.0003016106978586935
23.92 -0.000445417197858716
23.93 -0.0005695021978586913
23.94 -0.0006620312978587058
23.95 -0.0007179740978586947
23.96 -0.0007378131528586978
23.97 -0.0007226053078587009
23.98 -0.0006686688078586925
23.990000000000002 -0.0005731555078586775
24.0 -0.0004478055078587025
24.01 -0.0003198040078586825
24.02 -0.0002127350078587038
24.03 -0.00013161355785869111
24.04 -6.946570785870347e-05
24.05 -1.9265607858695622e-05
24.060000000000002 2.62471421413115e-05
24.07 7.766074214130127e-05
24.080000000000002 0.00014265569214131144
24.09 0.00022061864214129593
24.1 0.00030897174214130973
24.11 0.0004096272921412897
24.12 0.0005231312921413075
24.13 0.0006405872921412841
24.14 0.0007473092421413008
24.150000000000002 0.000831779542141314
24.16 0.0008878122921413029
24.17 0.0009114514021413066
24.18 0.000899533812141309
24.19 0.0008513978121413014
24.2 0.0007721591621413172
24.21 0.0006761250121413021
24.22 0.0005856368621413202
24.23 0.0005218094621413102
24.240000000000002 0.0004924788121413056
24.25 0.00048789010714130645
24.26 0.0004877640521413064
24.27 0.00047356640214130927
24.28 0.0004381817521413037
24.29 0.00038830920214131366
24.3 0.00033965955214130606
24.310000000000002 0.0003097673521413014
24.32 0.00031248850214130085
24.330000000000002 0.000351956402141307
24.34 0.0004152481521412944
24.35 0.00047290470214130344
24.36 0.0004945696421412992
24.37 0.0004688695321412951
24.38 0.00040902908214130704
24.39 0.0003413574821412965
24.400000000000002 0.00028924703214128835
24.41 0.0002635653321412935
24.42 0.0002613586921412931
24.43 0.0002709341021412912
24.44 0.0002790712571412925
24.45 0.00027427511214129347
24.46 0.00024664141214128917
24.47 0.00019234086214129997
24.48 0.00012133506214128886
24.490000000000002 5.479331214127846e-05
24.5 1.0645312141287241e-05
24.51 -4.8027323587151716e-06
24.52 9.154523141282051e-06
24.53 5.225417314128879e-05
24.54 0.00011596812314127612
24.55 0.000179146473141286
24.560000000000002 0.00022028392314129243
24.57 0.00023222884814129004
24.580000000000002 0.00022046407314128821
24.59 0.0001909721231412941
24.6 0.00014486062314128688
24.61 8.24869731412993e-05
24.62 8.20632314128769e-06
24.63 -6.880132685869699e-05
24.64 -0.00013774172685870778
24.650000000000002 -0.00019192352685871625
24.66 -0.00023176992685870832
24.67 -0.00026068727685871283
24.68 -0.0002789192768587092
24.69 -0.00028402849185871004
24.7 -0.0002755793068587117
24.71 -0.00025545240685870854
24.72 -0.0002239840068587148
24.73 -0.00017964855685870788
24.740000000000002 -0.00012394300685869918
24.75 -6.628140685871066e-05
24.76 -2.370680685870401e-05
24.77 -1.2763911858706186e-05
24.78 -3.7749416858710095e-05
24.79 -8.659261685870038e-05
24.8 -0.00013876596685870852
24.810000000000002 -0.00017458486685871413
24.82 -0.00017868576685871332
24.830000000000002 -0.0001452389668587081
24.84 -8.669266685871975e-05
24.85 -3.0856016858711026e-05
24.86 -1.2569168587169149e-06
24.87 -4.0090668587173456e-06
24.88 -3.7287166858710724e-05
24.89 -0.00010318421685872102
24.900000000000002 -0.0002008786668587363
24.91 -0.0003155056668587135
24.92 -0.0004242586668587305
24.93 -0.0005099945168587134
24.94 -0.0005637619168587218
24.95 -0.0005812622168587184
24.96 -0.0005650066168587159
24.97 -0.0005263437168587235
24.98 -0.00047942341685871615
24.990000000000002 -0.0004358149168587093
25.0 -0.0004057194668587153
25.01 -0.00039628840685871383
25.02 -0.00040412139685871225
25.03 -0.0004143006218587138
25.04 -0.00040962184685871476
25.05 -0.0003768101968587096
25.060000000000002 -0.00030484379685869834
25.07 -0.00018705739685872177
25.080000000000002 -3.0946396858697365e-05
25.09 0.00013820710314126896
25.1 0.0002899291031412927
25.11 0.00040574715314126966
25.12 0.00048346665314128183
25.13 0.0005265757031412732
25.14 0.0005327676531412742
25.150000000000002 0.0004974885031412687
25.16 0.000430557603141282
25.17 0.0003632914531412715
25.18 0.00033078831814127796
25.19 0.0003464955331412804
25.2 0.0003961736331412705
25.21 0.0004527834831412794
25.22 0.0004935945831412713
25.23 0.0005080807811412735
25.240000000000002 0.000498749729141272
25.25 0.0004772012791412763
25.26 0.00045695007914127315
25.27 0.00044943363414127465
25.28 0.000464494989141277
25.29 0.0005061550391412687
25.3 0.0005637090891412777
25.310000000000002 0.0006138535891412856
25.32 0.000637276544141281
25.330000000000002 0.0006288850991412796
25.34 0.0005897490491412875
25.35 0.0005180062491412763
25.36 0.0004144765491412969
25.37 0.00029160504914127765
25.38 0.00016902954914130205
25.39 6.203454914128531e-05
25.400000000000002 -2.1896350858727795e-05
25.41 -7.863730085871652e-05
25.42 -0.00010546010085872072
25.43 -0.00010369190085872107
25.44 -7.975080085871733e-05
25.45 -4.352245085872454e-05
25.46 -7.27550085871888e-06
25.47 1.5367149141276616e-05
25.48 1.3099349141276262e-05
25.490000000000002 -1.873850085872871e-05
25.5 -7.682670085871714e-05
25.51 -0.0001507993008587287
25.52 -0.00022580620085871378
25.53 -0.00028808585085872353
25.54 -0.000331073800858715
25.55 -0.0003547680008587187
25.560000000000002 -0.0003592478258587194
25.57 -0.00034283345085872266
25.580000000000002 -0.00030626790085871693
25.59 -0.0002520274008587277
25.6 -0.0001777646008587161
25.61 -7.968340085873561e-05
25.62 3.2296099141281885e-05
25.63 0.00013054104914126232
25.64 0.00018786309914127128
25.650000000000002 0.00019551754914127247
25.66 0.0001612297491412793
25.67 9.934709914126963e-05
25.68 2.882814914128365e-05
25.69 -2.8769800858725353e-05
25.7 -6.148545085871885e-05
25.71 -7.634210085872116e-05
25.72 -9.069380085871831e-05
25.73 -0.0001149437008587221
25.740000000000002 -0.00014580425085872694
25.75 -0.00017285135085872157
25.76 -0.00018748120585872384
25.77 -0.00018643586585872406
25.78 -0.0001699018208587215
25.79 -0.00013859237085872772
25.8 -9.339572085872067e-05
25.810000000000002 -3.615297085871172e-05
25.82 3.208757914127471e-05
25.830000000000002 0.00011276682914128732
25.84 0.00020580832914126882
25.85 0.00030310172914128404
25.86 0.00038945167914126685
25.87 0.00045076317914127643
25.88 0.00047928487914127076
25.89 0.0004723568291412697
25.900000000000002 0.0004301677291412631
25.91 0.000355456529141278
25.92 0.0002528357791412619
25.93 0.0001291852791412865
25.94 -3.5352208587342544e-06
25.95 -0.00012931122085870923
25.96 -0.00023701117085872606
25.97 -0.0003262935708587083
25.98 -0.0004006889208587199
25.990000000000002 -0.000458652420858729
26.0 -0.0004960746208587215
26.01 -0.0005130172708587242
26.02 -0.0005120190058587244
26.03 -0.0004936602908587215
26.04 -0.0004583250408587285
26.05 -0.00040729674085872053
26.060000000000002 -0.00033815249085870973
26.07 -0.0002476666908587277
26.080000000000002 -0.00014553769085871174
26.09 -5.6113390858729534e-05
26.1 8.403591412793705e-07
26.11 2.2035539141275154e-05
26.12 8.599319141273054e-06
26.13 -4.227628085871683e-05
26.14 -0.0001233281808587295
26.150000000000002 -0.0002085005808587428
26.16 -0.0002713813308587303
26.17 -0.00030357763085873534
26.18 -0.0003072303808587346
26.19 -0.0002828953308587308
26.2 -0.0002361258808587401
26.21 -0.00018483128085873207
26.22 -0.00014692178085873962
26.23 -0.00012665218085873645
26.240000000000002 -0.00012068755735873552
26.25 -0.00012906153385873386
26.26 -0.00015138353385873735
26.27 -0.00017802793385873205
26.28 -0.00019265184885873434
26.29 -0.0001803668638587368
26.3 -0.00013079266385872905
26.310000000000002 -3.7862713858714516e-05
26.32 0.00010006028614125805
26.330000000000002 0.0002807247861412863
26.34 0.0004975587861412432
26.35 0.0007359702861412804
26.36 0.0009731022861412333
26.37 0.0011863272861412665
26.38 0.0013630822861412314
26.39 0.0015015622861412532
26.400000000000002 0.001603674186141269
26.41 0.001669396736141256
26.42 0.0016968064161412605
26.43 0.0016856597461412626
26.44 0.0016385990961412552
26.45 0.0015566683961412715
26.46 0.0014352461461412526
26.47 0.001271667146141285
26.48 0.001079648646141255
26.490000000000002 0.0008896696461412252
26.5 0.000729961146141257
26.51 0.0006112977461412384
26.52 0.0005326290461412541
26.53 0.0004929039461412479
26.54 0.0004904363461412484
26.55 0.0005149566961412522
26.560000000000002 0.0005477903961412573
26.57 0.0005701700961412529
26.580000000000002 0.0005695074461412528
26.59 0.0005400792461412586
26.6 0.0004823550461412496
26.61 0.0004034101461412653
26.62 0.0003157462961412516
26.63 0.0002327161961412681
26.64 0.00016279419614125717
26.650000000000002 0.00010817264614124863
26.66 6.890249614125644e-05
26.67 4.537994614125276e-05
26.68 3.432325114125496e-05
26.69 2.5664006141253603e-05
26.7 8.48850614125702e-06
26.71 -2.085974385874757e-05
26.72 -5.917369385873995e-05
26.73 -0.00010193039385874664
26.740000000000002 -0.00014480529385875332
26.75 -0.00018239849385874585
26.76 -0.0002102777438587502
26.77 -0.00022764054385874676
26.78 -0.00023546853885874798
26.79 -0.00023358534385874835
26.8 -0.00022448675385874694
26.810000000000002 -0.00020863592347099866
26.82 -0.00018293095313394814
26.830000000000002 -0.0001464911474368832
26.84 -0.00010177283782074608
26.85 -5.714546243369567e-05
26.86 -2.1703947651826103e-05
26.87 1.7255599095192932e-06
26.88 1.6089723972160028e-05
26.89 2.4121975014436696e-05
26.900000000000002 2.5638700710285833e-05
26.91 1.9529755321162084e-05
26.92 4.876766413934624e-06
26.93 -1.964288258542179e-05
26.94 -5.456647333861126e-05
26.95 -9.845079663273207e-05
26.96 -0.00015034461547418644
26.97 -0.00021156735420677314
26.98 -0.00028247685448188893
26.990000000000002 -0.0003607690299370289
27.0 -0.000445748019671447
27.01 -0.0005383679051171549
27.02 -0.0006325712581034446
27.03 -0.0007135441673571383
27.04 -0.0007704084294061428
27.05 -0.0008032217669873285
27.060000000000002 -0.0008124202419367995
27.07 -0.0007934838479946581
27.080000000000002 -0.0007509813742618406
27.09 -0.0007057381778970672
27.1 -0.0006763749173896664
27.11 -0.0006639285462833646
27.12 -0.0006639415260227617
27.13 -0.0006792944332715562
27.14 -0.0007082420996756391
27.150000000000002 -0.0007333688357038329
27.16 -0.0007375403476433776
27.17 -0.0007204188493737429
27.18 -0.0006877224895112719
27.19 -0.0006372597579034693
27.2 -0.000568181824794145
27.21 -0.0004922866138578079
27.22 -0.0004244590506742421
27.23 -0.0003722238399240229
27.240000000000002 -0.00034201768618934993
27.25 -0.0003409503388560955
27.26 -0.00036224855978315735
27.27 -0.0003821503000873359
27.28 -0.00038144653098942037
27.29 -0.0003592638801606217
27.3 -0.00032033794937600264
27.310000000000002 -0.0002642716259293467
27.32 -0.00019553988089323764
27.330000000000002 -0.0001301948540800892
27.34 -8.267609201012399e-05
27.35 -5.499753496629772e-05
27.36 -4.4572734443980546e-05
27.37 -5.230378107724363e-05
27.38 -7.620431066553875e-05
27.39 -0.00010543070323791244
27.400000000000002 -0.00012812659585122703
27.41 -0.0001411606396256567
27.42 -0.00014860894839654307
27.43 -0.00015495167934814172
27.44 -0.00016321166163765386
27.45 -0.00017697936827339319
27.46 -0.00020035179511264994
27.47 -0.0002343304542332538
27.48 -0.00027317423603532204
27.490000000000002 -0.000305786735448743
27.5 -0.00032286171230843194
27.51 -0.00032231303486067686
27.52 -0.00030667063705675657
27.53 -0.00027795036548373936
27.54 -0.00023829904248165592
27.55 -0.00019407368074835605
27.560000000000002 -0.00015555187879529627
27.57 -0.0001320348133121521
27.580000000000002 -0.00012766038711619596
27.59 -0.00014005597821226064
27.6 -0.00016133378963014423
27.61 -0.00018185907227101218
27.62 -0.0001954286082089399
27.63 -0.0002010295861349263
27.64 -0.00020002558015617714
27.650000000000002 -0.0001933251174740874
27.66 -0.00018136945407613847
27.67 -0.00016483235695744799
27.68 -0.00014421182146807116
27.69 -0.00011993230335349177
27.7 -9.391926984662553e-05
27.71 -7.052385988185053e-05
27.72 -5.4589494912520486e-05
27.73 -4.772864020524157e-05
27.740000000000002 -4.6363513127812454e-05
27.75 -4.388483045274692e-05
27.76 -3.529297253629012e-05
27.77 -2.0075325555941356e-05
27.78 -1.43039286469412e-06
27.79 1.636835664395729e-05
27.8 3.0329010283417588e-05
27.810000000000002 4.013132420740293e-05
27.82 4.819882797076876e-05
27.830000000000002 5.792454464755747e-05
27.84 7.08414834150639e-05
27.85 8.520511678753218e-05
27.86 9.752640747653725e-05
27.87 0.00010535782856856772
27.88 0.00010842932632494412
27.89 0.00010753851021953093
27.900000000000002 0.00010322191952534198
27.91 9.605725076228082e-05
27.92 8.775936033139967e-05
27.93 8.093262440951376e-05
27.94 7.735758343465826e-05
27.95 7.698062934074358e-05
27.96 7.870787796691468e-05
27.97 8.165525238101449e-05
27.98 8.540622606818407e-05
27.990000000000002 8.950535118267908e-05
28.0 9.319358413693953e-05
28.01 9.560927628690939e-05
28.02 9.605685040368217e-05
28.03 9.415139311504655e-05
28.04 8.99459073985553e-05
28.05 8.398673215692944e-05
28.060000000000002 7.711458581782979e-05
28.07 7.00867290741249e-05
28.080000000000002 6.329742952970534e-05
28.09 5.679708449682294e-05
28.1 5.0503414633179524e-05
28.11 4.434739500458686e-05
28.12 3.827816104519525e-05
28.13 3.225336922076755e-05
28.14 2.629164691917633e-05
28.150000000000002 2.051339055754491e-05
28.16 1.5106225607696869e-05
28.17 1.0256303153574985e-05
28.18 6.108250239368644e-06
28.19 2.7571591475222845e-06
28.2 2.4775227324368584e-07
